14
24
25
27
34
41
61
140
159
172
192
196
232
242
263
264
266
271
272
274
276
277
281
287
292
294
301
303
306
316
321
354
358
359
373
382
384
385
386
387
394
446
470
471
485
486
490
511
512
546
548
549
550
552
554
555
556
562
571
573
584
585
615
623
630
632
636
645
663
668
669
671
703
714
715
727
747
749
774
813
850
870
882
883
920
971
985
997
1048
1049
1058
1061
1063
1075
1085
1092
1126
1140
1164
1168
1178
1184
1197
1246
1247
1249
1254
1255
1270
1280
1281
1282
1285
1288
1290
1302
1303
1304
1307
1308
1311
1313
1314
1317
1318
1335
1338
1352
1354
1359
1360
1388
1392
1394
1395
1396
1398
1402
1404
1405
1407
1409
1421
1422
1426
1430
1459
1468
1476
1501
1512
1523
1557
1580
1582
1583
1585
1587
1589
1598
1599
1613
1625
1638
1639
1641
1643
1648
1697
1718
1722
1731
1764
1766
1767
1768
1772
1776
1778
1780
1789
1828
1833
1880
1885
1890
1894
1911
1916
1930
1938
1946
1961
1962
2039
2087
2098
2099
2100
2102
2107
2111
2115
2122
2124
2133
2148
2151
2180
2188
2209
2210
2271
2283
2286
2331
2333
2334
2337
2423
2714
2756
2762
2767
2769
2771
2777
2786
2787
2788
2822
2832
2839
2880
2903
3034
3039
3055
3067
3077
3088
3111
3144
3180
3197
3218
3240
3311
3335
3349
3403
3447
3544
3553
3562
3570
3617
3659
3694
3702
3708
3711
3712
3728
3760
3832
3847
3879
3888
3917
3988
4043
4045
4072
4081
4092
4097
4100
4102
4113
4151
4153
4224
4226
4227
4232
4513
4565
4577
4754
4787
4839
4844
4911
4918
4922
4950
4956
5016
5037
5061
5076
5098
5116
5145
5147
5180
5341
5353
5421
5476
5477
5479
5503
5516
5544
5656
5659
5660
5661
5663
5665
5689
5692
5693
5702
5710
5741
5759
5763
5791
5802
5807
5811
5833
5837
5838
5839
5875
6047
6087
6183
6204
6210
6238
6239
6279
6282
6661
6706
7091
7130
7159
7165
7176
7220
7224
7227
7238
7240
7245
7787
7936
7955
7962
7971
7998
8127
8355
8364
8386
8401
8665
8932
9031
9483
9534
9541
9544
9580
9595
9597
9598
9600
9601
9606
9615
9669
9685
9796
9823
9913
9940
9986
9997
10029
10030
10036
10047
10090
10096
10116
10141
10244
10249
10253
10254
10256
10269
10272
10277
10288
10299
10313
10315
10323
10333
10338
10376
10377
10383
10389
10498
10500
10665
10685
10726
10754
10759
10760
13006
13604
13735
13790
13894
25629
27381
28037
28064
28090
28141
28214
28321
28322
28369
28442
28448
28502
28737
28973
29001
29082
29301
29320
29339
29346
29387
29397
29412
29430
29442
29443
29445
29488
29530
29546
29549
29760
29918
29924
31033
31312
31520
31530
31757
31964
32046
32048
32049
32051
33053
33111
33703
33898
33941
33964
33968
34116
34272
34373
34589
35128
35137
35689
35762
35772
35779
35789
35869
36329
36773
36870
36878
37546
37636
37692
37727
37734
38272
39717
39946
39947
40214
40215
40933
41413
41431
41514
41882
42068
42189
42254
42439
42471
42474
43179
43263
43306
43663
43989
44271
44689
45351
46245
46256
47230
47735
47834
48296
48387
48665
49758
51324
51351
51453
51669
52584
52970
53500
54389
54799
54911
55190
55529
55564
55567
55952
55995
55999
56187
56690
56780
56956
56957
57267
57679
58712
59374
59406
59729
59748
59890
59919
59920
59922
60480
60481
62688
62928
62977
63577
63737
64091
64471
64495
65393
65424
66084
66692
66797
67294
68992
68995
68996
69000
69011
69014
70448
70601
70799
70829
71277
71421
72120
72359
72581
74546
74547
74574
75985
76114
76857
76869
77524
77546
78245
79929
82830
82831
83331
83332
83333
83334
83554
83558
84588
85401
85643
85962
85963
86029
90370
90371
90736
91943
93059
93060
93061
93062
93612
93934
94122
96477
96561
97093
98360
98793
99287
100226
101162
101510
102126
102822
103690
103874
104662
106370
106646
106648
106649
107806
108607
109269
110662
112509
114260
114615
115852
118562
119602
122586
122587
123214
126740
126783
126794
126914
130081
132416
134676
135720
138119
145284
146891
149539
150436
156889
158878
158879
159087
160070
160488
160491
160492
161934
163164
164756
164757
167539
167542
167546
167555
167644
167879
168927
169963
170187
171101
176275
176279
176280
176299
176652
177416
177437
177439
178306
178876
179878
182215
183190
183417
186103
186497
187272
187420
188937
189518
189918
190192
190304
190485
190486
190650
192222
192952
193462
193567
194439
195099
195102
195103
196162
196164
196600
196620
196627
197221
198466
198628
198804
199310
203119
203120
203122
203123
203124
203267
203907
204669
204722
204773
205913
205914
205918
205920
205921
205922
206672
207559
207954
208435
208963
208964
210007
211110
211586
212035
212042
212717
214684
216389
216591
216594
216595
216596
216597
216895
218491
218494
218495
218496
218497
220664
220668
221109
221988
222523
222891
222929
223283
223926
224308
224324
224325
224326
224911
224914
224915
225849
226185
226186
226302
226900
227086
227321
227377
227882
227941
228400
228405
228410
228908
229533
232721
233412
233413
234267
234621
234826
235279
235443
235909
237561
237631
240015
240176
240292
242231
242507
242619
243090
243159
243160
243161
243164
243230
243231
243232
243233
243243
243265
243272
243273
243274
243275
243276
243277
243365
246194
246195
246196
246197
246200
246410
247156
251221
254945
255470
257309
257310
257311
257313
257314
257363
258594
259536
259564
262316
262543
262698
262719
262722
262723
262724
262768
263820
264198
264199
264201
264202
264203
264462
264730
264732
265072
265311
265669
265876
266117
266264
266265
266779
266834
266835
266940
267377
267608
267671
267747
267748
269084
269482
269484
269796
269797
269798
269799
269800
271848
272557
272558
272559
272560
272561
272562
272563
272564
272568
272569
272620
272621
272622
272623
272624
272626
272630
272631
272632
272633
272634
272635
272831
272843
272844
272942
272943
272944
272947
273036
273057
273063
273068
273075
273116
273119
273121
273123
278197
279010
279238
279808
280699
281090
281309
281310
282458
282459
283165
283166
283643
283942
284590
284591
284592
284593
284811
284812
284813
285006
285951
286636
288000
288681
288705
289376
289380
290315
290317
290318
290338
290339
290340
290397
290398
290399
290400
290402
290434
290512
290576
290633
291272
291331
292414
292415
292459
292805
293613
293614
293826
294746
294748
295319
295358
295405
296591
297245
297246
298386
298653
299768
300267
300268
300269
300852
301447
302409
306263
306537
306901
306902
307796
308872
309798
309799
309800
309801
309803
309807
311402
311403
312153
312309
314225
314292
314315
314565
314723
314724
315277
315456
315730
315749
315750
315953
316055
316056
316057
316058
316067
316273
316274
316275
316278
316279
316385
317025
317655
318161
318167
318586
319224
319225
319701
319795
320372
320373
320388
320389
320483
321314
321327
321332
321614
321956
321967
322098
322104
322159
322710
323097
323098
323259
323261
323848
323850
324057
324602
324831
324925
325240
326297
326298
326423
326424
326427
326442
329726
330779
330879
331111
331112
331117
331271
331272
331678
332648
332952
334380
334390
334413
335283
335284
335541
335543
335992
336407
336722
336963
338187
338963
338966
338969
339670
339671
339724
339860
340047
340099
340100
340102
340177
340322
341663
341980
342108
342109
342451
342610
343509
344609
344612
345073
345201
347253
347255
347256
347257
347834
348780
349101
349102
349106
349124
349161
349163
349307
349519
349521
349741
349746
349747
350054
350058
350688
351160
351348
351605
351607
351627
351745
351746
354242
355276
355277
355278
357244
357348
357544
357804
357808
357809
358681
359391
359786
359787
360094
360095
360102
360104
360105
360106
360107
360109
360115
360910
360911
361100
362242
362663
362948
362976
363253
364030
364106
365044
365659
366394
366602
367110
367737
367830
367928
368407
368408
369723
370438
370551
370552
370553
370554
372461
373153
373384
373903
374463
374833
374847
374930
374931
375286
375451
376619
376686
377628
377629
378753
378806
379066
379508
379731
380394
380703
380749
381666
381754
381764
382245
382638
382640
383372
384616
384676
386043
386415
386656
387092
387093
387344
388396
388919
390235
390236
390333
390874
391008
391009
391037
391038
391165
391295
391296
391735
391774
391896
391904
392021
392499
392500
393011
393115
393133
393305
393595
394221
394503
395019
395492
395495
395960
395961
395963
395965
396513
396588
397945
397948
398511
398527
398577
398578
398579
398580
398767
399549
399550
399599
399726
399739
399741
399742
400667
400668
400673
401614
402612
402626
402676
402880
402881
402882
403833
404380
404589
405416
405440
405441
405531
405532
405534
405535
405566
405948
405955
406327
406425
406817
406818
407148
407976
409370
409438
410289
410358
410359
411154
412022
412418
412419
412694
412965
413404
413997
414004
414684
415426
416269
416276
416348
416591
416870
418127
418136
419610
419665
419942
419947
420246
420247
420662
423368
425011
425104
425265
426117
426118
426355
426368
426418
426430
427317
427318
429572
430066
431943
431947
434131
434271
434922
434923
434924
435590
435591
436017
436114
436308
436907
438753
439235
439292
439375
439386
439843
439851
439855
440085
441620
441768
441770
441771
441772
441952
441959
441960
442563
443144
443226
443255
443906
444157
444158
444177
444178
444179
444450
445932
445985
446465
447093
447217
448385
449447
450851
451516
451804
452471
452637
452638
452659
452863
453591
454166
454169
455434
455488
455632
456442
456481
457570
458233
458234
458817
460265
465515
465817
467705
469008
469383
470137
471223
471472
471473
471821
471853
471854
471855
471876
474922
476213
477974
478009
479434
479436
480119
480224
481448
481805
482235
482561
482957
483179
484019
484022
485917
486041
486410
487213
487214
488221
488222
488223
490899
491915
491916
496833
498211
498213
498214
498217
498761
499177
500485
502025
502779
502780
502800
502801
504474
504832
505682
507522
508767
509169
509170
509173
510516
511995
512562
512566
515619
515620
515621
515635
515849
516950
517417
517418
518766
519441
521006
521011
521045
521095
521098
521460
522373
523794
523849
523850
525146
525903
525904
525909
526221
526222
529507
530564
531844
535289
535722
536047
536232
537457
543728
543734
544404
544406
544712
545124
545693
546272
546414
548476
550537
550538
552467
552526
552536
552811
553199
553482
553483
553611
554155
554290
555079
555217
556484
557433
557436
557598
557600
557722
557723
557760
559292
559297
559298
559307
561007
561229
561230
561275
561276
561304
561443
561444
561445
561501
562019
563041
563178
565034
565042
565050
565575
568206
568708
568813
568814
568819
570417
570508
572263
572264
572265
572547
573370
573826
574521
574560
575788
578458
579112
579405
580327
583346
585034
585035
585054
585055
585056
585057
585397
587200
588858
591001
592021
592022
593117
595494
595496
598659
604162
604354
608538
622759
630626
632772
634176
634503
637905
637910
640484
641892
643680
644042
644223
645127
645133
653938
654901
654903
654924
655816
655827
655844
656061
660122
663202
663331
665079
670426
679897
680646
697329
703339
708616
710127
710128
712938
712961
713604
743525
746361
749493
754252
759272
761659
762550
764097
764098
764100
764101
764102
768066
768486
771870
771875
861557
862908
868565
870730
871575
871585
882102
884204
909420
927666
928301
928314
931626
935198
936155
977880
984892
985895
990282
1016998
1033837
1048332
1064592
1094508
1111077
1111708
1116375
1124983
1191460
1206466
1213857
1230452
1262161
1286640
1295018
1299270
1318466
1774373