Predicted residues (active residues in HADDOCK):
1, 2, 9, 10, 12, 13, 14, 15, 18, 21, 24, 25, 27, 28, 32,
33, 34, 36, 45, 52, 53, 54, 58, 60, 61, 62, 63, 65, 66, 69,
70, 72, 73, 79, 85, 87, 88, 95, 104, 118, 121, 124, 135, 136, 137,
157, 159, 176, 177, 179, 180, 181,

Surrounding residues (passive residues in HADDOCK):
22, 23, 37, 39, 40, 41, 42, 43, 44, 47, 48, 50, 51, 55, 57,
59, 71, 74, 75, 76, 78, 90, 91, 94, 97, 98, 99, 100, 101, 102,
105, 111, 114, 115, 117, 119, 123, 127, 129, 130, 131, 132, 138, 139, 140,
143, 153, 154, 155, 160, 161, 166, 168, 169, 170, 172, 173, 174, 183, 184,
185, 186, 187, 190, 191, 192, 193, 202, 210, 211, 212, 213, 214, 