Predicted residues (active residues in HADDOCK):
1, 2, 7, 9, 10, 12, 14, 15, 18, 28, 32, 33, 34, 36, 45,
53, 54, 58, 59, 60, 61, 62, 63, 65, 66, 69, 70, 71, 72, 73,
85, 88, 101, 103, 104, 105, 118, 119, 122, 129, 130, 131, 132, 136, 137,
138, 139, 167, 171, 173, 174, 176, 202,

Surrounding residues (passive residues in HADDOCK):
19, 21, 22, 23, 24, 27, 37, 39, 40, 41, 42, 43, 44, 47, 48,
50, 51, 52, 55, 57, 74, 75, 76, 78, 79, 87, 90, 91, 95, 97,
98, 99, 100, 102, 110, 111, 113, 114, 115, 117, 121, 123, 124, 125, 127,
128, 135, 140, 141, 142, 147, 148, 149, 153, 155, 156, 157, 159, 160, 162,
165, 166, 169, 170, 172, 177, 179, 180, 181, 190, 191, 192, 193, 194, 199,
200, 201, 203, 204, 206, 207, 212, 213, 214,