Predicted residues (active residues in HADDOCK):
1, 2, 3, 27, 29, 127, 128, 161, 162, 224, 245, 246, 248, 249, 252,
253, 254, 255, 257, 258, 261, 278, 279, 282, 283, 288, 291, 292, 293, 294,
295, 296, 297, 299, 300, 304, 329, 330, 333, 352, 353, 354, 357, 358, 361,
365, 369, 395, 442, 454, 455, 456, 457, 458, 459, 460, 461, 463, 464, 465,
466, 467,

Surrounding residues (passive residues in HADDOCK):
22, 25, 26, 59, 60, 121, 122, 124, 126, 129, 148, 156, 157, 158, 159,
164, 193, 225, 228, 229, 251, 262, 265, 266, 268, 271, 285, 286, 287, 289,
290, 303, 312, 313, 320, 323, 326, 327, 334, 337, 338, 339, 340, 342, 343,
344, 345, 351, 364, 367, 368, 370, 371, 372, 377, 378, 379, 380, 382, 393,
407, 416, 426, 438, 439, 440, 441, 444, 447, 448, 468, 469, 