Predicted residues (active residues in HADDOCK):
8, 9, 11, 27, 28, 29, 73, 74, 82, 83, 84, 85, 88, 92, 96,
97, 99, 100, 101, 102, 103, 104, 105, 106, 107, 109, 120, 121, 124, 134,
136, 137, 142, 151, 152, 153, 154, 156, 157, 178, 179, 180, 181, 182, 205,
206, 207, 241, 242, 245, 246, 292, 312, 319, 331, 333, 334, 335, 336, 337,
338,

Surrounding residues (passive residues in HADDOCK):
20, 25, 30, 31, 32, 35, 60, 63, 71, 72, 77, 78, 81, 89, 93,
98, 116, 118, 119, 122, 123, 125, 127, 128, 131, 132, 135, 138, 139, 140,
143, 158, 159, 168, 183, 184, 192, 200, 201, 203, 204, 209, 212, 216, 237,
238, 239, 243, 244, 247, 248, 250, 252, 255, 277, 278, 279, 287, 289, 308,
309, 310, 311, 314, 315, 316, 317, 320, 327, 332,