Predicted residues (active residues in HADDOCK):
17, 18, 19, 21, 22, 23, 27, 28, 29, 30, 56, 57, 58, 59, 60,
61, 82, 83, 84, 89, 123, 124, 148, 150, 153, 171, 173, 174, 175, 176,
223, 228, 229, 230, 289, 293, 305, 307, 309, 311, 333, 336, 337, 344,

Surrounding residues (passive residues in HADDOCK):
6, 7, 12, 14, 15, 24, 25, 26, 31, 32, 34, 65, 85, 86, 87,
88, 91, 99, 113, 119, 120, 152, 178, 179, 180, 181, 187, 203, 204, 221,
222, 224, 225, 226, 231, 232, 235, 237, 239, 240, 252, 255, 256, 285, 287,
290, 291, 292, 294, 295, 298, 308, 312, 315, 316, 318, 334, 335, 339, 340,
343, 346, 347, 348, 349, 358, 359, 361, 362, 405, 411, 414, 