Predicted residues (active residues in HADDOCK):
9, 10, 11, 142, 143, 145, 192, 196, 197, 199, 200, 201, 203, 204, 206,
208, 210, 213, 214, 217, 220, 221, 222, 223, 224, 227, 228, 230, 231, 232,
234, 235, 236, 237, 238, 239, 240, 241, 242, 244, 246, 250, 251, 252, 253,
254, 257, 268, 269, 271, 272, 273, 275, 305, 306, 307, 308, 309, 310, 312,
313, 314, 316, 337, 339,

Surrounding residues (passive residues in HADDOCK):
7, 34, 45, 46, 80, 87, 118, 121, 140, 144, 146, 147, 150, 156, 157,
186, 188, 189, 190, 191, 194, 195, 216, 219, 226, 255, 256, 259, 262, 263,
264, 265, 266, 267, 270, 274, 277, 278, 279, 282, 284, 286, 303, 319, 320,
338, 340, 341, 342, 343, 344, 345, 349, 350, 351, 366, 367, 371, 382, 383,
384, 385, 386, 387, 388, 