11100
11098
10710
11096
10345
10377
28344
59241
480808
648412
1891767
33708
10747
12643
1891730
223341
10665
11208
12302
648235
10794
928306
39803
345184
10708
358769
10390
229032
1223260
91753
11097
10243
10367
70698
31518
10724
503404
10530
10324
11801
12253
10879
10872
12243
10636
10643
10641
11232
194699
10832
11049
1605972
36409
31604
1005060
10450
265874
11873
1980476
493803
1223261
11878
10684
12305
12307
31749
10326
142803
992212
12242
10329
10754
1093672
11759
450149
10637
11215
82831
268305
11624
11628
12136
10560
11142
10714
11868
10679
10678
31520
10366
10571
12115
10760
11723
53369
12042
73475
928300
12360