54981
54980
54982
71831
71833
54989
71835
108723
68292
190148
58208
68294
68298
68299
58206
58205
851822
43982
100126284
819941
851820
819940
102098
113893
3641850
80305
12933642
12933643
113894
12933641
113898
102093
12933648
851827
132332
213027
80301
103554
56501
206358
180127
91074
9317
148753
687295
67115
183239
183238
850759
850758
850757
850756
850755
850754
850753
850752
850750
1506
814708
814707
814700
814701
814702
3885716
23048
23049
23046
42058
23042
23043
23040
23041
2541262
84420
54723
216274
78656
29118
29119
31208
31207
29113
29110
31204
29116
29117
31201
29115
91694
109181
15312
100129777
319478
34529
3772382
12
855228
855229
855224
855225
855226
855227
855220
34524
855222
34526
110521
819312
92521
180768
27033
828099
290055
224023
18
180760
180765
180767
181498
838869
55329
55322
55323
55320
182619
55326
181494
55324
55325
813575
334932
22390
22393
50662
50664
187262
187263
24778
32435
66799
24771
24773
22027
816035
22025
100289574
816032
836507
22029
831604
836505
852629
852628
328949
852625
852624
852626
852621
852620
852623
852622
31979
126868
856759
856758
856755
31970
856757
856756
856751
856750
856753
31976
93699
444257
93696
34713
510618
852997
852996
852995
852994
852993
852992
56673
56672
853067
852999
852998
856287
828163
856285
100929
4637
856282
856281
856280
2542220
2542222
4638
2542224
2542225
10425
2542227
51133
51132
181141
51130
51136
51135
140639
104001
93343
329015
181148
220213
140630
821974
828092
821971
831608
246425
36314
817344
36317
36310
36311
817343
25551
164
165
166
160
161
162
163
85451
85450
85453
85452
85457
85456
85459
85458
854667
854666
16995
854664
854663
854662
854661
854660
200916
100008952
854669
854668
8220
100191882
41363
41361
41360
41367
41366
41365
41364
2543177
830842
362897
2543173
362891
314721
83858
83857
8224
83855
110446
83853
83852
83851
2543178
812838
78935
8226
812831
283150
812835
835663
173968
854590
854593
105352
854594
854597
854596
854599
854598
173962
828096
173967
414927
12798070
70823
323855
836573
100360573
836577
836576
43792
100130086
72151
444841
100423062
12933653
18949
2875647
123207
12932258
12932259
12932256
734718
12932255
12932252
12932253
363275
363274
819189
66213
40092
40093
40090
40096
40097
40094
40095
837196
837197
837195
37199
37198
553106
37195
37194
37197
37191
37190
837199
84498
10424
84494
40540
40541
40542
40543
40544
40545
178871
178870
40548
40549
814069
23500
202051
202052
813872
837223
813877
837225
207667
837227
14462
14463
14460
363854
14467
14464
14465
30612
2251
284379
12933652
171610
31567
31564
31565
31562
13857
31560
32041
171619
13858
13859
843671
31568
5605
5604
5607
5606
5601
2768920
5603
5602
2539204
5609
5608
838413
38372
38375
38376
838415
38378
38379
838418
32047
818289
823602
823601
55327
339302
12934020
836311
183176
37102
836310
213760
56504
834883
834886
834889
228003
228005
3639440
434037
176668
218885
12934029
284996
6425
6426
6427
284992
6421
6422
6423
256933
58986
6428
6429
39394
39397
2539980
39391
39390
2539985
2539984
171023
2539989
2539988
39399
2871413
131890
2250
144110
835681
812052
842107
812056
835689
366988
831594
831595
831597
831592
100169753
173100
831599
173104
173105
39023
177618
177619
39027
39026
100169756
177610
177611
177616
177617
838482
843026
12932610
105245
100169755
54682
12020
12021
229
42798
42797
226
225
42794
42793
12029
42791
220
2539327
2539324
2539322
2539321
824761
8674084
12931431
245877
2539329
55200
12932376
215351
69219
2874614
64627
64624
832486
832484
850586
54331
113906
2977
40532
254394
10223
176059
176058
100524081
176053
176052
176051
176050
3645351
149111
176055
176054
818519
818518
823796
829608
244180
829604
3770659
818514
818516
100101267
606496
820729
820728
25940
55205
163081
163087
820727
125476
158763
12934367
447494
841482
3639206
851315
379473
162681
55204
2542812
10772
180074
10771
10776
10777
818282
10775
14852
14857
55207
418628
54214
11827
54216
11821
54210
948490
54212
837737
361675
246746
164684
44855
11438
175508
1524
179289
80972
55206
23173
175501
175502
175503
175504
175505
175507
827515
23171
827513
827511
827510
19367
1520
152189
1521
363135
818392
23175
33148
818390
20289
3646191
79944
818397
21869
10196
10197
10194
828267
828260
10193
10190
29753
2540190
2540191
2540192
2540193
828268
10198
10199
3354996
2541822
3354994
829624
2541827
2541826
2541824
40933
40932
40935
40934
40937
829622
1128
1129
1628
12932009
819724
1120
1121
1122
1123
1124
826391
2540442
2540443
2540440
2540441
2540447
12932006
2540449
179862
818538
3885565
2539479
12932002
444350
2539478
395207
12932001
22224
838622
492520
843030
8516
8517
8514
8515
8513
8510
64976
261610
268882
8518
8519
283629
2539473
12848
2539472
12842
12843
12847
12931873
50463
843993
2539470
50466
50467
12931875
174364
84276
12931879
12931878
257019
851174
2539476
28084
2539475
2542641
28080
84275
126123
28088
12930474
12930475
816230
816231
12930470
318883
22627
2541677
22629
22628
189157
12930478
2541674
403980
811538
26533
29968
230233
52822
818489
178696
2541311
2541310
2541313
201158
2541315
2541670
2541317
2541316
2541319
2541318
827087
12933832
192213
192212
839253
33427
813444
12932068
214568
178698
29967
816580
816581
29966
2542644
843334
843337
29965
26289
26287
26286
26285
26284
26281
26280
93107
93100
827081
840976
840977
93109
104248
55652
55653
55650
55651
51339
55657
55654
32278
51335
51334
55658
32274
32273
32272
32271
51332
2542750
837747
2542753
2542754
2542755
2542756
2542757
56305
2542759
56307
56306
56300
56302
817183
25391
25393
817187
25398
25399
57658
57659
827083
837741
57650
837740
57654
57655
843038
57657
824121
423463
54135
100335135
100134834
2541797
64547
186392
153443
222696
222698
330953
53883
53885
668212
330959
12934189
117166
5802917
35674
5450
50050
105193
193629
1193
25577
184258
2712
4321
2710
5453
199745
199746
816189
5454
2719
830417
107995
2543409
2543408
2543407
2543406
191174
2543402
2543401
191170
29456
38909
446915
34311
816181
38905
138724
850388
850389
31934
115708
850381
850382
850383
850384
850385
2540835
850387
9708
9709
187441
9700
9701
9702
98685
9704
187449
9706
810328
810329
37358
37357
37356
37355
224143
810327
24116
12932726
12932727
12932724
12932725
12932722
12932723
2542883
12932721
346007
12932728
35509
2541904
35671
2541905
67092
67097
35504
108686
818934
33022
108689
71970
2541901
68316
2745736
238276
35500
2541903
31880
380414
567674
4250
380418
447139
811748
4255
814511
814510
2541909
851479
851478
840152
840153
112483
851471
851470
851473
851472
851475
851474
851477
851476
3018
53947
3012
3013
3010
3017
3014
3015
818931
821348
30364
4189
4188
114882
114883
114884
114885
31018
31016
31017
31014
31015
31012
4184
12934186
31011
56978
31780
147700
2745744
34196
34197
3361512
34191
34192
3361511
106504
127435
3361518
186478
819800
33712
115286
66056
645957
2538832
2538833
2538834
66053
188722
2538837
2538838
2538839
180133
188728
338367
338366
23239
812219
306570
2539408
819801
72692
23231
23230
181848
11804
23235
23234
23237
23236
855383
855382
30941
855380
855387
855386
30945
855384
855389
855388
343521
51734
177458
35679
12930116
3772221
57795
100128327
177454
177455
3904
56709
3906
100327240
3903
84316
3908
3909
6745
6744
6747
6746
6741
6742
6749
6748
50320
2539407
35246
35245
35241
60558
839211
100226
50149
56703
839215
35248
55515
32737
181264
181265
12931255
32733
181260
32731
837138
181268
32739
189457
12933353
100337564
2540427
100125982
189459
12933355
12931254
817426
100653515
823655
23271
43823
43820
43826
43827
12933359
240174
43828
43829
285533
180681
9407256
100418781
85397
85395
2539046
2539047
2539044
2539045
2539042
2539043
653121
2539041
2539048
2539049
852818
852819
852813
852810
852811
852816
852817
852814
852815
140564
856128
856129
186827
404305
856123
856121
856126
5205
856125
854414
854415
854416
854417
854411
854412
5062
836665
820704
854418
854419
948653
2542097
2542416
38552
38553
38554
2542412
38556
38557
38558
38559
246588
362687
2542419
2542418
70160
339965
12931900
339967
839960
839963
9164963
839965
839967
36299
36298
79943
836296
12932104
36290
2768718
36292
36295
36294
36297
5393
5396
5395
5394
1466507
627543
1466505
1466504
1466503
1466502
1466501
172243
172247
172244
727957
12932915
172249
36127
2538794
2538797
36124
36123
36122
36121
2538792
360823
839106
360820
689
36129
820255
12932918
128178
363150
75901
84511
826625
84516
84515
84514
84519
379061
12932103
379064
41532
41533
41531
41537
39603
39602
39600
13026
836433
298410
39604
3885589
450143
76787
172863
172860
33228
76789
76788
12932101
228607
831809
12930597
831805
831800
174161
4330486
174165
820870
7159
7158
7157
7156
7155
7153
820878
7150
18750
18751
33575
33574
33573
33572
33571
33570
18759
399213
71780
33578
394429
30000
30001
283358
8065
30008
8061
7485
7484
40666
40661
40660
40663
7482
40669
25943
687
819111
817278
29619
14960
667048
836081
44965
313024
70369
813932
319046
319048
242466
219654
829397
829395
829394
829392
829390
788
379935
74360
3836
829399
2539828
2539829
811262
3837
2655452
828280
811266
36081
2539820
2539821
2539822
2539823
2539824
2655458
2539827
821582
836088
23471
853402
25247
68312
38231
38230
38233
38232
219938
842807
38238
821185
18572
842248
81558
81559
43362
192119
43367
174838
43369
81551
282004
174834
174833
192111
81556
81557
392862
5837
5834
5832
5833
5830
5831
11257
11255
11252
11253
11251
838603
842242
19009
838600
835274
65037
838604
835279
838609
2541802
12932109
297694
64780
64781
116369
64783
64784
64785
64786
64787
2538808
64789
832724
832722
832723
842247
828444
11785
828446
11787
100132565
828442
11783
90843
11789
31543
831274
830382
830383
830381
831276
831271
821189
14969
150483
43585
43584
43587
824149
43580
821399
43582
821397
821396
824147
824146
43589
43588
824143
148479
834383
191777
191771
842372
17218
210510
835498
842374
842375
831385
326160
831387
52377
831381
855504
166863
12785
39542
352999
326164
821644
821647
12934181
9148
9149
7979
7978
7975
9143
9140
9141
9146
9147
16949
16948
4332
35337
42188
176159
42186
42187
42184
42185
42182
176153
176150
855800
35334
20850
20851
20852
855801
831037
855802
12931904
35332
841779
70625
35331
90231
850836
841771
12931647
3635240
12932325
855805
827498
21454
21453
850834
827492
827493
855807
827496
373
827494
372
149708
8899
8898
8897
8896
8895
8894
8893
8892
8891
8890
41983
41982
41981
20586
20587
41985
41984
380401
829473
20588
829471
829477
51352
829475
851677
851676
851675
851674
851673
851672
851671
44554
26866
26865
26864
827728
827729
820118
851678
55246
2538803
19362
814644
55240
55243
842454
812981
387522
2543005
380164
179127
179124
812983
179120
12367
831519
3648369
178298
208768
178296
178295
178294
178293
1595
12364
1591
181398
830810
54004
54006
3565442
3565440
12362
256051
155945
20322
12361
91409
79778
844330
79776
844332
844333
844334
34441
844336
79770
835139
282838
175711
175710
175713
175712
175714
175717
175716
66691
288778
288779
66694
817457
284654
178745
12930186
826456
840181
12930180
2654991
653162
294864
2540767
2540766
2540765
2540764
2540763
34075
2540761
2540760
12930183
100157327
366949
2540768
266844
417982
23741
23743
28295
12932092
319520
23746
12930188
126375
126374
28298
28299
51788
27050
27053
27055
115548
27057
27056
51780
27058
51786
446331
59239
84162
56003
12932099
35001
35000
35003
243846
35005
35004
35007
50780
35009
35008
313264
80772
92170
50788
78910
78912
78913
100526783
222553
8303
189295
289211
3635338
8309
56403
2542414
56406
56404
12931397
115950
389141
12931394
257629
2654992
9939
9938
9933
9931
9937
9936
9935
9934
117553
117550
117557
117556
12931489
12497
117559
100040634
227937
66052
100362678
12932556
12496
64846
12931398
677800
25747
25745
12931399
25742
25741
25740
9407016
21848
21849
24838
21844
24837
2539002
21847
24832
21841
24831
12932025
12932024
3678
3679
816799
816798
12932023
12932022
3672
3673
3670
3671
3676
12932028
3674
3675
114606
820933
431792
26098
26099
26097
26094
26095
26092
26093
26090
114609
444883
2543302
829639
2543304
2543305
444884
2543307
2543308
2543309
57756
57751
57750
57753
1103
105785
3581
105787
854168
854169
3586
3587
854164
854165
854166
854167
854160
854161
854162
854163
75015
2540507
3553
12932652
36720
36723
36722
36725
36724
36727
36726
850883
36728
850880
850887
850886
186214
850884
12932322
843577
12934519
1109
162466
474382
12932680
12932683
12932321
12932685
12932684
12932687
12932686
12932689
12932688
837090
837096
12211
374739
12932324
3558
134864
3703857
83408
820500
817448
12933375
12933372
2540429
12933370
12933371
817442
83401
817440
432219
12932466
12933378
817445
810797
57560
810793
810792
810791
816215
340533
251414
810799
12932977
81617
819617
12932974
12932973
316009
944821
124925
12932461
12932979
12932978
4324599
15510
81614
12933088
12933089
12933084
12933085
12933086
12933087
12933080
12933081
12933082
12933083
12591
814238
81611
677808
814235
81610
814230
814231
814233
37090
33770
18510
33772
33775
33774
18514
18515
33779
33778
18518
18519
415475
380207
12931589
2911
827076
76014
39522
39523
39520
851124
39527
39524
39525
841439
39529
12931585
2915
829631
851121
31738
31737
31736
31735
718
31732
171465
287299
40706
3642033
40707
12931580
40704
34019
34018
3361499
7354403
34011
713
3361491
34012
34015
34014
34017
34016
814490
814805
814496
811464
39293
43046
39297
12934539
12934538
12934535
12934534
12934537
12934536
12934531
12934530
12934533
12934532
68507
434689
68505
68501
317852
291434
816892
84996
816890
362454
84993
84992
84991
183656
31193
821383
31190
31197
192277
31195
31194
4224
4225
31198
4221
4222
4223
12930809
72221
79230
170731
842759
239170
91368
91369
172462
172461
852139
852138
172465
852135
852134
172468
852136
852131
852130
852133
246648
2542347
396818
854999
854998
2539641
854995
854994
854997
854991
38422
854993
854992
838378
811560
2542343
838377
816969
17286
839028
180304
244551
180302
56916
180300
44451
56917
839024
172466
2539648
110611
825189
613037
825185
825183
825181
2540293
181650
76900
13017
494521
172467
308508
819870
817857
817851
261603
819878
175598
270685
817858
12933941
70012
175596
4538
328483
2539228
2540299
4539
42348
29560
12933942
42340
42341
42342
42343
838950
855648
855649
175591
855642
855643
855640
855641
855646
855647
855644
855645
853774
853775
853776
853777
853770
853771
853772
853773
10307
853778
10302
10301
10300
4794
443895
4795
396363
121256
4796
313647
6288
6289
11622
6284
6285
6286
6280
6281
6282
4791
81824
81826
821404
821403
172406
81822
81823
12930800
81829
184681
832794
827122
827123
827121
827126
827127
827124
827125
12930929
641293
11624
100505753
12933346
835824
835827
11629
835822
835823
38455
38454
38457
38456
823805
823804
208266
38452
861
860
863
862
38459
864
867
866
56098
3644627
45374
80313
44029
840953
812625
80888
80884
44021
80886
44027
5216
854204
5214
854206
854201
5213
854203
5211
947816
2540834
947814
854209
854208
5218
538029
14595
1466439
2539588
2539586
2539585
854299
122786
2539582
2539581
2539580
33191
70333
854297
818433
33193
18655
2541168
1466434
2541162
2541163
2541160
395635
2541166
2541167
2541164
2541165
17931
12930452
17933
17932
819166
33197
17937
51312
17938
14370
854291
14376
55672
12930922
14375
394328
45959
319651
12930456
394321
12930457
146212
55676
51314
395988
79684
2221
79989
81649
66902
66905
91752
41704
41707
41706
41701
41700
41703
41702
79680
41709
41708
729156
67671
12930936
12930931
36550
174284
79980
40252
40255
40256
40257
57684
40259
17756
174288
174289
818915
818914
818917
818916
382056
28908
2542776
818918
2542777
15425
6915
15427
6917
6910
832052
15423
6913
839001
15429
6919
398298
12931656
115352
831615
831611
831610
7728
834066
171102
171103
834063
834061
50818
71041
50814
50813
7726
7727
734387
817165
161357
817167
828834
833754
833755
833756
397800
833750
12931159
833752
12931154
12931155
829210
12931157
833758
829217
12931152
12931153
57688
834390
100009272
828918
834396
834398
828919
110095
149297
838033
838035
838037
838038
838039
19211
19216
100134869
100037126
214133
834644
214137
843741
827911
827917
69908
843746
827914
843748
257313
69902
43288
51501
513971
201798
43282
43283
43281
43287
43284
826300
150696
829574
294993
116448
116449
116447
116444
116442
116443
94253
116441
43130
855596
43132
43134
834930
43136
834932
2561
2560
2563
2562
834939
2564
2567
2566
11429
11428
11421
11423
132160
11426
17113
52502
17110
2543511
2540435
17119
17118
60412
60416
832578
832577
3772552
116722
965
966
967
960
961
962
963
815382
968
969
7533
57561
300359
152926
854286
819817
303614
836708
819814
824539
64241
64240
59079
824337
278507
254158
42663
42662
42661
42665
821424
42669
42668
45031
821426
45039
414829
10466
10467
10464
10465
10462
10463
10460
10461
841636
836762
495068
841632
841633
10468
10469
368088
16591
836760
78309
269338
8912
8913
8910
8911
8916
54908
176349
8915
176347
54904
12930771
176344
54901
54900
54903
853285
2540352
2540353
34259
2540351
2540356
2540357
2540354
2540355
34253
100359396
179375
34250
115362
34256
29192
12931978
12931979
12931972
841981
12931970
12931971
12931976
828701
432940
12931975
297498
12934339
12934338
12934337
12934336
12934335
12934334
12934333
12934332
12934331
828706
835199
495686
131601
495688
187152
851005
851006
851007
851000
168433
851002
814960
21985
50378
50379
851008
851009
814966
151649
151648
66249
66246
151647
24265
24264
1418
169522
1410
1411
1412
1413
1414
1415
1417
3643595
12955
77219
2541401
2541402
2541404
2541407
2541406
2541409
2541408
172993
824526
12952
827424
844169
100873427
118429
446783
844160
91614
3361128
844165
844164
844166
35610
35611
35612
35614
35615
35616
814245
1466457
93611
100338049
114105
130557
51429
51428
32969
181416
32967
32966
32965
32964
51421
32962
51422
12930364
12930365
12930366
12930367
374268
200894
12930362
81646
22319
22318
189647
189640
12930369
189642
791324
221749
224997
23950
2540266
104082
23957
23958
51601
9687
2540264
27240
27241
27242
27243
27244
27245
27246
27247
78891
27249
12931015
35977
2540263
2540260
390937
2540261
57449
35754
853572
853573
853570
853571
853576
853574
853575
12931014
853578
853579
428767
320127
32343
55947
32341
32340
55942
55943
32345
32349
32348
57448
814240
55948
820980
627009
16414
35979
174236
108017
174239
261631
7066
103637824
174319
389336
389337
39878
836640
836643
57549
836647
836646
57544
39871
57546
39873
39874
39875
57542
39877
93834
27309
853753
9164887
441250
2543423
308839
816613
816614
37767
816618
396303
16418
100529239
9839
309126
26115
33223
26119
2543426
12931010
9164888
835112
37760
113220
434375
18627
12931359
407170
810618
37449
3644964
37447
37446
810616
810617
4961492
37440
79856
2542845
3429
3428
2542840
79853
79850
2542843
3423
3422
3421
182211
2542848
3426
84766
84767
2002
947299
2000
2001
855938
855939
2004
2005
855934
855935
855936
2009
855930
855931
4851
855933
14174
12482
14173
71664
14178
835511
837116
837112
837113
837111
3077490
12932526
330863
79633
18971
851949
851948
79631
33925
33927
33928
851943
851942
851944
851947
79637
854633
100131755
38046
79634
38044
38045
822424
3418
79635
208677
833556
116151
823352
56370
734511
831689
30697
34934
822427
34932
12798384
34930
40012
40013
12933125
40011
40016
40017
40014
40015
100037476
432008
84946
12933129
814891
12931353
84947
823682
823681
433759
147015
4961503
147011
831465
306871
84942
832659
326208
855068
855062
855063
326203
855061
855066
855067
326206
853899
853898
811059
12931517
853891
853890
853893
853892
853895
853894
853897
853896
833982
40295
47091
8760
360504
173279
153396
173271
173273
173276
173277
810304
39319
835803
39315
39314
39317
39316
822086
39310
39313
822085
12934478
114879
233489
12934470
823865
171692
12934473
12934474
525795
12934476
24132
127933
173180
12934132
173187
838238
838237
234135
835600
835601
838230
835603
822556
822557
831518
24399
177695
831515
177698
12934136
831510
39268
831513
43548
100535
839722
55856
184312
1466453
839726
827145
12931355
825687
180401
180400
3631405
180404
180406
13074
818662
818660
12932933
845
66373
811778
823864
12932748
100191027
34007
12932749
172589
43730
361676
43736
43737
43734
172581
4074
4077
4076
4071
4070
172586
854810
854811
854812
854813
854814
854815
854816
854817
854818
854819
406419
375444
818591
818594
818596
818599
177038
172633
852308
310218
832379
172636
172635
839188
852302
852303
852300
832376
852306
852307
852304
852305
825025
185047
825026
379809
245982
819130
856777
680161
19981
19988
19989
181758
181759
100360522
38863
38864
38865
17463
80254
80255
80256
341032
362375
359710
810946
856775
67979
42069
13139
42065
42064
42066
42060
42063
42062
124565
824641
824647
134288
45234
824648
20174
256227
12932213
45233
20170
828153
828151
734878
828155
317829
44728
2655288
50836
93349
44724
380302
827486
6324
6323
6322
6320
418335
6329
6328
2540112
2540115
856772
2540117
2540118
2540119
41000
41001
66083
362595
836327
833136
836323
836321
10116
10114
10112
362598
10110
10111
176637
835981
835987
835986
835984
835989
176639
100125989
3772409
363425
255043
33776
360990
174673
174672
493911
174677
108664
44183
818220
12931541
416
947838
84203
2539425
2539426
1659
2539420
84206
2539423
1652
1653
1650
1656
1657
1654
1655
40355
40354
40356
40351
446411
813547
5239
40359
40358
305923
2541649
2541646
2541645
541867
2541643
2541642
246393
830445
41864
70572
830441
12932154
818982
496247
41866
5409
28000
1731
41867
818980
818024
41860
815274
3564968
41861
174095
440712
174091
174090
771417
2539569
41863
507677
2539568
2541399
2541398
5236
2541391
160728
1736
2541395
2541394
395861
2541396
12933749
818281
625054
81529
254887
41869
12930167
12930164
12930165
12930162
12930163
12930160
12930161
56399
379199
12934052
12930168
516
12931696
834216
12931694
834210
834211
541246
834213
289745
110115
110112
12931699
12931698
41183
319177
319176
319173
41182
12931544
41181
90507
48986
4919
819144
175173
852445
819142
43215
41184
828974
851453
100132053
828977
828970
828971
828972
851452
817103
817102
851451
25316
25317
827984
851450
856628
310378
851457
64772
851456
390928
818204
851455
836756
851454
322
323
320
321
326
327
324
92856
328
329
57628
813466
68423
442497
835165
836410
835166
57624
842462
5188
835169
835168
818206
166379
166378
3071
381511
10949
10948
840139
827892
64895
827890
64897
64898
10940
116871
116870
10945
10944
827898
10946
16477
16476
16475
9479
221838
821014
16470
9472
93897
9470
221830
9477
9474
9475
348487
810451
810453
105670
12930258
14317
10990
91851
293652
158521
43077
2248
43070
43072
2244
2245
2246
2247
43079
43078
2242
2243
24191
21345
46246
21343
46243
21340
835306
21349
54456
12930250
22920
22921
22926
22927
22924
835308
22928
22929
51593
443901
60595
56928
60597
181566
60590
60592
94044
55032
56923
56922
56925
56924
56927
56926
57035
2798
57037
3634992
841512
57033
2792
2793
2790
2791
57038
2797
2794
102462
818436
91156
233276
17706
52717
17702
17703
17700
17701
677770
60335
677775
17708
17709
827640
825359
303798
12930907
12930900
60626
60625
12930903
60629
380497
12930908
12930909
81898
9780
9781
9782
704026
9784
9785
9786
9787
9788
9789
841281
841284
37933
84958
37931
37930
37937
37936
37935
112401
841517
20437
92691
27425
20430
20431
91137
27429
91133
68705
20439
12934152
2539296
819886
12933459
12933458
12933457
115752
12933455
301252
12933453
12933451
12933450
57406
137133
432572
12932210
495185
817371
100874323
68975
68979
850564
856193
2540255
850567
820662
850561
850562
2540250
109552
850568
850569
2540259
2540258
29015
841868
841866
841863
820663
78514
856195
841659
79643
79642
79641
79640
79647
468
79644
72615
446427
467
466
19283
463
462
855309
855308
855303
855302
855301
855300
855307
855306
855305
855304
100421113
643246
180645
338674
444484
820665
12934100
12932651
12934102
12934103
12934104
12934105
12934106
12934107
114800
114801
187692
114804
114805
288064
187696
91869
34771
34772
34773
34774
34777
34778
34779
511484
12932656
67903
68703
67900
23863
131034
851215
851214
851217
851216
851211
851210
851213
851212
851219
851218
35761
24438
946223
815247
241230
91452
100513739
3361570
2654979
106529
2654973
182480
373899
3361572
852548
852549
35797
35796
35790
35793
852540
852541
852542
852543
852544
35798
852546
852547
856658
856659
231821
856650
856652
856653
856654
856655
856656
856657
4036073
3988
181591
268859
3984
3985
3987
3980
3981
3982
3983
852892
852893
852890
852891
852896
852897
852895
852898
852899
75826
12930668
35422
35421
35420
35427
35426
35425
35424
73251
73254
93426
286464
23856
815863
29074
23859
2543610
27165
27164
27166
55599
27163
81285
5118
12931925
51676
140576
55591
839350
55593
814532
12933206
56029
821834
821835
2542497
2542496
821839
820107
2542492
2542491
2542490
25453
36210
36213
12933205
25456
36217
36216
12933202
25459
12933203
128240
680987
12933200
74106
74155
69379
2543493
29078
2539173
12931348
135644
23217
14232
83533
23216
134510
23215
297376
150372
825398
39939
39938
185456
39935
2538714
39937
39936
2538711
2538710
39933
173847
173846
441191
36223
173842
173840
25427
837831
837830
854498
854499
837837
854494
854495
854497
854490
12798435
14230
854493
825390
831156
850979
850978
850977
850976
850974
850973
850972
850971
850970
39689
39688
2538814
39683
39682
2538815
39687
39686
39685
33061
33060
33062
342184
33064
33066
33068
12933562
11138
4968
41244
842022
12932193
41247
12932195
12932194
41242
9164877
12932199
12932198
119016
41248
40196
40195
172858
40193
40192
40191
40190
9164873
727800
80775
836198
3214
403244
3216
3217
3211
3212
3213
176008
182104
3218
3219
12932447
203286
84599
12932444
542373
12932442
12932441
12932440
346562
84591
308718
316531
84595
828255
814380
831635
178930
202151
100009438
178935
100009436
178938
563
315840
566
567
33685
14705
33686
33680
14701
33682
855369
33689
57153
14709
14708
5740414
837309
837308
837307
837306
837305
837304
837303
837301
855365
76709
175878
175879
816978
175877
175870
175872
734456
31683
31682
31681
189780
31684
843133
841271
843137
814657
843135
843134
5520
5521
5522
5523
5524
5525
5526
5527
5528
190381
18130
18131
18132
72930
72931
398163
3641590
72935
72938
398168
819383
12933719
819387
819386
819384
12933710
12933711
819389
12933713
12933714
12933715
12933716
12933717
31359
31358
834768
50837
31351
31350
31353
834767
31355
31357
821114
132001
100042746
12931600
830075
821116
6547
6546
838689
838688
87769
6542
6541
6540
838683
12932211
838681
838680
838687
6549
6548
107747
16834
171128
12934035
107746
7849
171129
836158
147650
29443
5721692
812719
842669
266714
80778
177157
814343
494850
173028
173023
231672
173027
3647918
546695
39108
39104
39105
39106
39102
39103
16671
16670
16679
16678
74838
12700
12703
12702
12705
176002
42450
42451
835417
42453
835411
835410
42456
42457
2539244
6723
84861
2539247
84867
84866
2539242
84864
84869
84868
2539248
2539249
831303
64708
97961
64364
34715
69556
64701
69554
64704
64705
6726
152559
6725
396473
836822
833757
836827
813446
818416
813445
818410
818411
818413
3637332
236546
826910
283870
283871
3645014
8759
829168
172777
172775
821313
172773
172770
172771
829160
6584
821319
172779
394392
43508
43505
43504
43507
259302
43500
43502
387921
387923
34380
190025
494143
190028
733198
171558
12931344
158405
841237
158401
90226
41903
41902
45682
45683
41907
827737
41904
254295
833810
10637
404663
10635
10634
10633
10632
10631
10630
12931602
54558
11949
54556
54557
54554
54555
54552
841649
54550
54551
175467
175466
175465
175464
175462
175461
175460
175469
175468
245973
3647830
836480
379220
827412
828698
827410
827411
298609
841642
118932
828692
828697
12931133
830899
830894
255654
285025
830893
830891
824853
175790
2540097
175792
175795
824855
175796
824858
2540099
2540098
10093
10092
10090
10097
10096
10095
10094
252921
10099
10098
12931347
271457
340277
3354896
820199
820196
12931139
820191
3647081
12930893
283450
59109
181244
178217
178211
178210
191850
29565
29564
29562
178218
174815
176846
176840
810988
395128
54083
3643137
176848
398004
818216
136895
835028
394293
84076
213827
818215
818213
2655254
2655255
843898
110834
50709
50708
50706
843890
2655259
50701
843893
1466525
3885598
170737
66614
66615
66616
12930737
12930736
12930735
12930734
12930733
12930732
12930731
8388
84078
127396
8382
12930739
189214
829908
829909
50281
3642244
2539205
829902
829900
829901
829907
829904
12930890
674895
2541058
2541059
2541056
2541057
2541054
2541055
2541052
2541053
2541050
2541051
1371
183457
1373
1375
1374
1376
242785
266874
63947
6096
816468
33477
100379113
183453
816467
816465
816464
843271
843272
32790
107993
843275
2541122
843278
26362
948538
26364
829720
533090
118487
210925
120787
32539
77053
55759
51079
32530
55756
51074
32533
32534
51073
32536
32537
12931068
827614
100861402
2542659
56228
2542655
839740
2542657
2542656
2542651
733264
12931066
2542652
834405
834407
827617
834400
834403
110308
282325
282323
282322
820643
829822
26959
841266
851740
77055
829824
306626
829827
253725
253724
829826
43222
116689
116681
186299
100341477
116685
447202
817738
108143
851749
827930
25123
25122
820649
834529
25125
25124
14080
14081
117089
14082
12934265
12934264
171995
226075
12934267
315771
841263
260645
734708
14086
12934261
12934260
14088
2543528
2543529
830132
2543524
2543525
2543526
9406964
2543520
2543521
2543522
2543523
387263
815100
57291
117332
52036
52033
389856
97212
840630
53347
150678
53343
53340
841129
36945
841127
841124
841125
841122
841123
36942
9629
9628
433184
9623
836329
187528
9627
9625
79893
12932609
852834
2539021
37010
812427
37012
12932602
37014
37015
37016
812426
12932498
852837
812425
3224
852830
433182
293820
57294
282679
2539026
837686
852833
813349
428806
4325161
12930240
70737
841269
838742
851535
851536
851537
851530
851531
851532
851533
814411
832076
851539
814417
3885933
3354
841268
3356
3351
3350
3352
840297
342510
3359
3358
108037
231086
68585
68581
3643697
3643695
380281
115650
2541931
2541930
31119
31118
2541934
2541936
2541939
2541938
31111
31110
12932260
856109
2543680
24102
79807
2654983
34091
34090
34093
34092
34095
34094
34097
34096
34099
34098
386649
67200
42162
2543683
67203
67204
779402
44353
66152
825278
825279
812151
66154
2538888
188608
812159
181961
227743
816812
816811
816815
816819
25959
29603
29600
25953
25950
25956
25957
3827
23461
23462
3824
3823
3822
3821
5002
23468
23469
824717
286148
34634
225887
34636
326173
34630
326171
326170
72404
109079
446674
34639
225888
76983
855538
855539
177243
177244
855530
855531
855532
855533
855534
855535
855536
855537
35321
35323
35324
35325
853000
224139
35329
812312
217843
32673
32672
171959
171958
55252
32676
55250
181382
171953
171952
32679
171950
55258
171954
690987
821413
6176
6175
182722
6173
6170
6171
2542431
839942
155871
2539798
24605
64196
828426
821891
38755
64193
105859
181036
181034
56149
824614
181030
653602
38986
38985
38984
38983
38982
38981
2539793
208154
839949
38989
38988
31805
31804
31807
2539791
31801
839268
31802
11212
31809
31808
853262
2542512
853260
853261
853266
853267
853264
853265
147923
853268
853269
56141
406912
12931180
12932343
442179
177335
56146
2542354
2542355
2542357
2542350
2539678
2542352
2542353
2539675
2539676
2542358
2542359
2539673
2539672
856373
856372
856371
856370
856377
856376
856375
856374
320184
856379
4524
4522
183891
4520
825307
85293
104130
85291
230753
12933810
854289
825302
5298
5296
854284
854287
5295
5292
854280
854283
854282
172363
12930137
246330
172368
246333
853486
36001
853484
853485
853482
853483
36006
853481
178724
36009
12931151
853488
853489
42924
42925
42926
42927
820358
42921
42922
42923
820354
820355
820356
42928
820351
84659
84654
84656
84657
84650
84651
855880
855881
855882
855883
855884
855885
855886
855887
855888
855889
818331
51310
812904
836777
945764
39768
39769
836773
812903
39764
39765
39766
812288
39760
836778
83925
39763
51248
836289
1466529
3077563
12922
172981
41788
12927
41785
12928
172989
41780
41783
812282
629732
831929
831928
818333
831924
12933577
831923
100126693
7058
7059
399152
180810
12930581
7052
7053
7050
174207
7056
7057
180818
174203
33230
33231
33232
812529
33234
33235
37755
33237
33238
33239
37759
8148
237877
6999
831690
283254
8140
6996
6997
6990
284203
6992
6993
40787
40785
40780
40781
339230
40789
813952
3647694
212168
170821
824353
100503670
822244
822246
395476
822241
829295
829298
829299
379876
824852
817074
40438
40439
811349
843079
40434
40435
40436
843075
40430
40431
40432
40433
819358
811166
12933723
170823
38176
38177
38174
38175
38173
38170
12933725
47781
172263
38178
818992
5740176
407835
407831
827842
35892
12933726
819646
819647
819644
100127274
43202
43203
43200
174979
43206
43207
12933728
282125
43208
282126
174976
827996
174974
19164
19165
19166
19167
100124700
11352
11350
225745
819356
838529
835334
811168
2538775
835332
228714
60321
147841
839698
832645
832644
498099
832643
839690
828523
828522
8674049
828526
828525
8674044
242050
19293
19290
19291
19294
19298
19299
364834
150356
102724594
839349
839348
821298
839341
60491
60492
64130
839345
64136
60496
839346
80764
80760
80761
80762
80763
2538926
2538927
2538924
2538922
2538923
2538920
2538921
842039
842038
173615
2539140
835595
46074
173611
842031
42554
46078
842032
42551
42550
42553
842036
3346160
12933435
3346162
3636747
177720
3346167
161931
820274
90589
284612
103284
84578
90580
100525777
818076
835807
12933434
16822
833999
16825
16826
12930390
16828
7832
7834
7837
813482
245902
837404
12116
12930395
818077
12933437
51455
219988
17199
831172
17196
831170
831171
17193
17192
831174
17190
9353
9352
9351
9350
9356
9355
9354
338662
219983
12932815
2540522
84576
365872
818207
8999
365877
2540527
818203
8992
8993
8991
8996
8997
8994
64829
829739
821120
48339
48338
48337
45524
48335
829732
829734
829737
820655
851733
851730
851731
851736
851737
851734
827604
26940
26941
851738
851739
243084
513666
843844
164781
59303
1948
1949
1942
1943
68743
1946
1947
1944
1945
174575
179049
684558
422601
179045
811295
179041
179040
2859
39669
178398
851088
851089
178392
851085
851086
851087
178396
178397
851082
851083
1490
1491
170670
1493
12931817
1495
1496
811298
54321
1499
54323
38742
77827
824956
79039
824955
175610
175611
175612
20044
79031
79033
79034
79035
79036
79037
828066
12933823
12933820
12933821
12933826
12933827
828060
12933825
840014
12933828
252884
54933
252881
2541489
2541488
543735
285613
55486
2541480
2541483
2541482
35891
2541484
2541487
170676
826554
842615
79022
297727
815135
2540684
2540685
2540686
2540687
2540680
170673
2540682
176364
51869
256643
222967
2540689
256646
40844
40847
40841
40843
40842
176361
67772
67773
40849
40848
67776
1234
1235
1236
1230
89829
1232
340390
66423
89825
188371
179326
1238
89821
89822
182360
835488
200185
296480
947077
2540538
8456
8938
200186
2540533
2540530
8939
35122
178025
178026
35121
35126
35127
35125
283742
35128
35129
178028
178029
8452
114599
159195
32478
32474
32471
32470
32473
8462
8463
8460
8467
8464
8468
92342
92345
92344
92346
175819
35698
79092
814479
175817
35690
35691
50514
50515
50512
35695
35696
50511
12930508
12930509
259646
566846
81574
12930500
34271
12930502
842951
842956
259649
842954
842955
5203
816349
816346
184261
816344
79095
64524
414555
831828
12931459
301513
414553
7174
26445
26444
26447
26446
26441
26440
26443
26442
767874
2869565
25620
25621
25622
25624
25626
190999
150000
75475
361207
107513
191661
24974
2542592
2542590
2542591
2542596
92960
2542594
2542595
191667
2542598
2542599
816696
816697
26198
36868
7179
26191
26190
114729
35861
12933889
31363
297109
31364
446451
375759
854049
854048
227292
12934358
854043
854042
854040
854047
854046
227298
36863
50505
4072
50507
508652
12931951
10195
399274
25085
25086
2081
2086
25081
35682
818139
814530
227120
4341971
233328
101060521
15417
12931958
818138
12931959
338321
836200
174144
222183
36578
817568
396252
444341
146059
188816
36571
185826
146057
146050
36575
36576
301555
810691
63887
834637
20907
349114
20905
133686
20901
2871825
9132
20909
89910
42958
221981
447134
2655499
33432
387032
58814
33436
43869
33434
33435
33438
33439
18412
58819
2540947
2540946
326283
12932527
2540943
2540942
2540941
2540940
9130
2540948
853811
9015
824519
853812
853815
853814
853817
9013
853819
853818
841375
9019
841370
37229
37228
199675
37223
37222
37221
37220
37226
37225
71099
822000
822001
9136
100732
3638112
183280
12931689
84818
180957
831254
180955
180952
12934062
833541
226982
404552
71885
653247
182888
68263
2539213
178997
68267
619916
12931443
2745608
811637
184390
2539210
3783747
3783746
3783745
3783744
2539217
67439
833546
2539216
856553
856552
856551
856557
856556
856555
856554
4345
856558
4343
4342
4340
28081
827274
790955
79370
268301
225182
378698
172501
852079
172502
172505
172504
5740408
852070
852071
852072
852073
852074
852075
852076
852077
12934359
428969
9139
854898
854899
285368
854891
854892
854893
854894
854895
854896
854897
183755
2540882
180224
24246
180221
244216
244218
180228
24240
23345
23344
23347
188034
303811
24242
23348
1472
76824
109135
76820
23029
100008736
303812
72046
9390
813671
813670
813672
813674
823971
218194
819938
72042
43958
84321
817958
817959
819936
813917
43952
38527
43950
43951
853389
853388
2539706
74469
171858
853381
38521
853383
853382
853385
853384
853387
853386
441058
23023
170956
127534
2539702
72049
855769
852383
852380
839104
852386
852387
852385
855761
855760
852388
852389
855765
855764
855767
855766
853033
853032
853031
853030
853037
853036
853035
853034
5094
853039
829116
2539800
5095
173754
68153
173750
51296
121355
173758
813095
813094
3641743
231329
813090
182578
51398
821723
821726
820093
817276
85480
820094
820098
85489
285598
12934480
835902
835901
835900
219249
835905
821349
852926
852924
852925
852922
852923
852920
852921
852928
852929
856236
856237
856234
558010
856232
856233
856230
856231
2655434
20981
856238
856239
100038882
827379
2655049
2655045
172743
827371
2655041
827375
43539
854560
854562
854563
854564
830996
854566
854567
854568
854569
830999
12934352
2541725
41082
839814
84289
84288
41086
41087
172082
41085
84283
84282
84281
84280
84287
84286
84285
84284
442801
2541428
9334
18996
33374
33377
18992
33370
33373
33372
779337
33379
26
18999
57172
36962
837417
837416
837414
837413
5481
5480
828858
175367
175360
175361
12798010
36632
146556
44100
83884
83885
36639
36638
44108
83882
818132
242667
818130
242662
3644357
41626
41627
41625
41622
41623
41620
41621
398679
20401
3640846
41628
41629
112611
315707
178620
314423
137964
837558
178624
29931
837559
29934
29935
29937
818810
818812
818814
818816
212733
2875161
175940
246243
175944
348654
175946
175948
8266
48903
8260
8263
831718
734750
831710
84769
174017
174016
174011
112616
398095
398097
1487345
770363
398099
7571
44817
7572
7574
12931619
44811
7579
12931616
12931614
12931613
12931611
44819
20404
18637
9164962
229731
834296
834290
834291
834292
834293
838779
838776
838774
256987
838771
65142
2539954
2539955
318228
3641660
2539950
2539951
2539952
2539953
432054
2539958
318227
64818
64810
69823
237010
13688
12933692
103504728
38337
11272
280636
214384
11273
19305
130576
2541099
69790
69792
13682
116565
840020
545471
31991
116563
108800
843559
834871
13680
501998
399289
834876
834877
834878
31997
843553
192063
43342
5902
5903
5900
5901
5906
834700
5905
830148
830149
5908
35635
844783
844787
844789
2541096
2541097
833844
832438
832439
90933
832432
832431
832436
832437
11670
11671
11674
11676
11677
3707497
181470
3634911
833841
830017
833843
100131211
12930988
12930989
12930984
12930985
12930986
12930987
12930980
12930981
100288805
83611
260216
446556
99375
64363
99377
23683
99371
64367
215031
16785
842207
842202
842203
16782
842208
3639865
826859
361370
12091
42749
58823
49297
42745
2872244
42740
499485
826857
42743
850652
850653
850650
850651
850656
850657
850654
850655
45775
850658
850659
10783
495100
10781
3772186
10787
10785
495106
841575
495108
10788
841571
841570
841572
66939
183204
269275
12930302
3771487
12323
12322
12321
12325
54826
54827
54825
54822
54823
54820
54821
12933989
12933988
23357
12933985
179233
179230
3638352
179236
12933980
12933983
12933982
53448
33613
29099
29098
29097
10250
10253
53442
53445
10254
10257
53446
176574
54795
176576
54797
54790
223917
54793
78593
54798
54799
33658
379279
829506
64766
829504
100037258
14180
839533
158798
157567
64764
829508
814846
814845
814844
814843
814841
289950
67630
814848
3354925
187612
2958
2959
3354921
2954
50236
2956
2957
2950
2952
100037999
301529
3767452
79178
79175
79174
79177
79176
79171
817570
79173
79172
209692
67988
817576
67981
817577
851299
447518
2541568
851295
851294
653619
36560
2541562
851293
851292
844204
844206
844203
844208
34442
175007
175006
34446
34444
34445
34449
175008
50492
126626
843964
50496
35715
66290
35717
35711
842883
35713
35712
23587
23586
23585
23584
23583
23582
23581
23580
93719
197358
66586
23589
23588
17929
32849
163175
181518
51548
55048
32840
181515
51545
181510
32845
55041
181513
12930207
51195
3361378
12930204
12930203
3772597
12930201
140655
2539671
189722
820432
189727
3361377
12930209
3361375
130340
23971
221662
20917
825811
20916
2539670
826858
420182
12932802
12932801
12932800
815058
100128588
73121
73122
826771
20085
22186
22187
853631
853630
853632
853635
853634
853637
853636
853639
853638
98766
12931558
12931559
2542149
2542148
107815
2542145
2542144
2542147
2542146
2542141
2542140
56530
213988
292160
2543239
2543234
2543235
2543236
2543237
836120
2543231
2543233
66878
824880
32158
32159
32152
32153
32151
2540066
32154
227620
227624
816557
816556
29161
816550
186980
26258
26259
685005
560032
26256
26251
263406
37528
12932118
78655
854368
854369
854366
37521
854364
37523
37524
854363
854360
854361
79953
842354
79957
79956
826986
79959
79958
842356
816173
407238
4958
842357
2169
2168
2165
4953
2167
2166
2161
2160
167691
2162
14030
345651
19682
816172
3298
3299
3294
3295
3297
3290
3291
3292
3293
186326
11911
222662
106039
838195
285180
816175
54503
853515
57377
57376
185981
36439
146395
812365
36434
36437
36436
36431
36430
36433
36432
837387
837386
114815
37389
837381
837380
14787
37385
37386
14784
33601
33600
33603
33602
84250
38728
38727
38726
38724
38723
38722
38721
38720
34879
83571
83572
34577
34873
34872
34877
34876
34875
34874
12544
40116
40115
40114
40113
40112
40111
34573
2768889
34570
816176
2768882
34571
380557
6891
6890
6892
6895
6894
6897
6899
6898
446730
647042
855109
853995
853996
853997
853990
853991
853992
853993
855101
819302
855103
855102
855105
855104
855107
71435
71436
855279
59158
814301
945066
3638738
838198
814305
814307
3425
12931714
2541958
810918
5740303
39458
39459
39456
39457
39454
39455
39452
39453
39450
19360
31609
31608
31603
31602
31601
31600
31607
31606
31605
31604
34125
34124
34127
34126
26611
34120
34123
34122
838174
838176
34129
39850
3885752
363067
177953
57565
39180
177956
57562
822619
184218
39189
9125
856456
856457
856454
856455
856452
856453
856450
856451
224624
39855
12931754
856458
856459
812467
12934220
12934223
12934222
12934225
12934224
12934227
10654
12934229
12934228
39858
12930453
3361030
12931750
374666
3361036
12931751
131578
315151
811841
811843
315159
836628
855771
4139
282617
7473
4130
4131
287380
4133
4134
4135
4137
812791
815160
7476
12931759
342977
177374
367902
818499
177373
177372
818495
818496
818491
818492
305884
852229
852228
547891
547890
852221
852220
852223
852222
852225
852224
852226
230793
100736461
825344
230796
9860
825347
361442
825349
5098
181894
181891
181892
19664
181899
23109
54732
832146
832147
832145
5099
832149
18390
13430
379734
13433
13435
13436
59260
18393
362238
144321
308212
210293
20638
824760
824765
824764
824767
81918
20637
828611
853177
853174
853175
853172
853173
853170
853171
828619
818479
6633
853178
853179
42235
42236
42237
820448
163126
80067
6635
820446
3646609
80063
42239
820442
820443
139628
26136
6046
6047
6045
6048
6049
283537
187
2540019
2540018
836204
2540015
2540016
2540013
2540012
7351
7350
7353
10018
7355
7357
7356
10013
7358
10011
10010
10017
10016
10015
10014
176773
176770
176774
184079
139322
12932207
255167
824168
146325
360891
8482
839176
399465
80086
388969
399461
827239
174734
174731
827230
50658
77782
158067
2539741
2539740
2539743
826728
823939
2539744
2539746
823935
84365
823937
826727
826726
826724
820138
119358
29875
29877
29871
29870
728378
2541768
2541769
2541764
291047
2541766
2541767
2541761
2541762
2541763
5362
1041
5361
5366
5367
1045
5365
5368
1048
100158380
179742
179743
172297
172291
179747
50864
179748
179749
172298
64753
810675
388344
945300
945303
174197
2540657
11051
11052
11054
11055
11056
11059
779107
17847
140740
8659
8658
379094
8651
8650
8653
8655
8654
66874
12930613
66877
66870
83824
289623
110651
114571
50964
856258
2538719
100363878
189840
190894
832971
832976
832975
811839
239985
829982
829980
829981
829984
830974
829933
3446
834486
653583
834483
834482
256536
266692
266697
12503
12501
813016
12931377
12504
813011
2026
7434
7436
2027
7430
7431
7432
7433
12931792
855916
12931790
22073
14583
7439
12931794
2021
560942
2323
2022
2538715
843412
835280
835281
259217
144577
259215
835288
2327
842503
203076
811628
829322
2876446
100009341
271981
843417
421932
829329
10868
10869
830970
4358
397975
10861
144233
10867
180497
16330
16331
16332
187835
16336
16337
63967
820132
81520
830973
835759
835752
835751
828241
835755
836016
856548
851616
312694
133121
69617
810242
810244
810249
11001
1861
11000
1869
1466488
408050
3636226
11005
19255
266825
3636228
57171
11737
816177
43628
57176
57179
57178
39999
43620
43621
43622
443795
190707
443792
190704
12934099
388561
68058
17062
17060
52615
269378
837871
68051
13617
68053
116068
12930827
12930826
12930825
12930824
12930823
12930822
12930821
12930820
12930829
12930828
56033
854656
113655
14151
54619
12934097
54612
3636464
54617
54616
824246
824247
48281
186044
824242
824240
824241
595101
947447
170062
12933552
12933553
12933550
12933551
12933556
12933557
260026
12933555
12933558
3767728
2539138
80306
851823
80304
851821
80303
851824
851825
281209
851828
851829
80308
80309
3355175
3355171
56809
1466482
850443
850442
850441
850440
850447
850445
2542258
850449
77125
57823
57822
57821
57820
57827
57826
2539136
23460
57828
12934199
14745
67286
840217
852045
840211
381801
852047
840219
30827
30820
675
676
677
670
672
673
5259
12931372
114960
29687
29682
29681
90835
330502
12934027
12934026
12934025
4643
114509
12934091
12934028
288105
4640
79459
833523
374065
79456
180730
606498
107375
67864
67863
851310
851311
851312
851313
851314
851929
851317
851318
851319
180077
5354
180072
180073
23172
1525
23170
1527
23176
23177
23174
1523
188683
830311
23178
23179
1528
447441
37800
22225
37289
100767755
22221
22223
22222
309901
63929
812876
228980
73683
5740853
12934193
24688
24684
24686
24681
24680
11774
844015
93210
72486
54069
844010
844013
100873513
844018
852751
852750
852753
852752
852755
852754
852757
852756
852759
852758
723994
844355
816186
38900
856041
114034
856042
856045
856044
856047
856046
856049
856048
31887
35507
31881
35501
31883
35503
23797
28620
23792
23790
33906
812168
33907
27086
51738
27085
181309
27081
181307
51735
5153
27089
183817
3885780
2543273
56702
56705
56704
56707
186828
175730
25798
25799
12934197
25796
830914
25790
25791
25792
25793
9164964
9164965
9164966
9164967
15211
140744
114
9164968
9164969
12286
27338
27339
32569
27335
27336
27330
20306
27332
27333
113
12931050
832228
309010
36089
74365
12931052
836086
853408
853409
853406
853407
853404
853405
36084
853403
853400
853401
12933141
12931057
839891
68135
321505
854759
854758
854753
854750
854757
854756
854755
3635195
855808
855809
850838
850839
850832
850833
850830
855803
855804
850837
855806
850835
362969
2543009
2543008
812988
812989
1441
812984
2543001
2543000
2543007
362965
812982
2543004
33103
9990
33107
33104
33105
12934188
33108
162967
12932094
12932095
12932096
12932097
12932090
12932091
84168
12932093
84166
84167
84164
12932098
84163
854035
7289
133383
810722
810721
180896
180897
180895
317762
820936
820937
3557
3556
12932328
3554
182029
3552
3551
3550
373805
12932323
313474
433771
12932326
66795
3559
182022
41479
138009
41475
41474
41473
41472
41470
196500
494733
40708
40709
717
716
715
714
40702
712
40700
710
826918
177545
38680
474354
38682
38683
38684
38685
38688
837023
820016
824793
172905
172907
820014
172901
70999
856863
856862
856861
856860
856867
856866
856865
856864
814111
814110
856869
856868
814117
814116
33818
33819
826476
33814
18073
33817
33810
18074
33812
20532
398205
398201
398203
12933058
831895
12933053
12933052
12933051
12933050
12933057
12933056
12933055
828831
31419
828835
226830
67276
828836
31410
31411
31416
819200
31414
31415
823773
5778
830739
823777
5771
5770
830731
830730
5775
5774
5777
2540744
492311
183040
819204
285555
155006
341019
2542484
812615
812616
842741
314904
100911597
812618
1522
109624
109620
40475
15248
360619
67163
15242
15245
35975
35974
171766
35971
35970
171762
819908
39221
39220
3643655
39225
39224
39227
16533
238988
16531
16536
12622
835519
844046
200844
200845
173695
835514
835515
173690
822420
184406
653404
839610
84944
822429
831462
831463
831464
84941
839619
839618
180535
180534
69459
74470
180532
180539
228790
305021
829045
829043
829040
12190
815978
12192
813569
829048
821211
821216
821217
821214
1310
80349
4504
43428
43426
43427
43424
43425
43423
812873
259240
852416
852417
852414
852415
852412
815972
852410
852411
76938
818284
23760
41868
818280
852418
852419
244585
15357
5716082
172129
90506
172127
5716089
172123
172122
396534
396536
15354
396530
833914
396533
15353
396538
396539
850487
54458
109776
29364
54453
54451
22758
54457
3355139
54455
54454
824484
824485
2541676
3355138
20779
81890
81892
32200
51458
816223
824489
20773
5008148
828794
819881
819883
828791
828792
819887
819889
323865
828798
828799
446315
12932237
128646
816188
100038028
182
29366
837929
12930232
285463
837924
12930247
837921
3355136
175698
379822
175695
175696
175697
126792
175691
304859
7257
7251
7252
7253
7258
7259
10555
816224
10553
41136
41137
41134
41135
41132
41133
2543572
841709
550631
41138
41139
390637
2540609
2540604
2540605
2540606
2540607
2540600
2540601
2540602
29448
12930231
178311
178316
100042740
824957
29441
539235
29445
176923
176922
14924
176927
176925
12930236
179956
8754
179959
178764
8751
394394
123775
2538820
221264
12930237
493860
493861
100340842
426516
117365
493869
129685
83500
388536
829829
728505
9878
9879
829821
9877
9874
9875
829825
9873
9870
9871
11155
11154
11157
11156
11151
11153
11152
11159
11158
32556
57150
28318
32557
79689
3361410
8824
813087
55731
176278
2541265
2541264
2541266
2541260
2541263
100009527
55732
2541268
124093
190914
398564
398567
832832
837499
832830
832831
842598
837498
832838
832839
2542518
2542519
12931183
2542513
2542510
2542511
2542516
2542517
2542514
56144
834362
15356
100653494
834366
834367
32046
431056
126859
51241
35326
51244
51247
51246
118611
148170
12930580
179427
12930582
12930583
12930584
12930585
12930586
12930587
12930588
12930589
179425
12931231
56428
12931233
34360
12931235
12931234
12931237
12931236
12931239
12931238
398781
822579
2541679
839705
64550
64630
56420
734335
839708
9407191
150082
150084
64478
39081
64470
100132476
2543649
2543648
2543641
85491
2543643
2543642
2543645
2543644
2543647
2543646
149224
51798
117273
117277
117274
3361517
995
994
997
996
991
990
993
67145
841044
191669
36865
999
998
36860
221908
12932528
12932529
12932524
12932525
3642446
5802726
12932520
12932521
3642442
12932523
100034253
187751
12934065
12934064
9098
9099
9094
12934063
12932233
9097
3641867
9091
9092
9093
56309
187757
19017
12933963
22858
22859
22856
22854
443616
22853
22850
2667
2664
2665
2662
2660
2661
835913
2668
2669
12933962
56895
71805
71804
71807
12932653
84460
56897
269389
18507
190137
56891
56890
12930818
380464
12932655
219094
12933699
84469
831288
12933697
12933696
12933691
12932658
12933693
831289
840024
37806
37805
37804
37803
840021
37801
840023
361103
361100
20112
37808
10659
3169
302502
67824
3164
3162
3163
3161
850766
850767
850764
850762
850763
850760
850761
818641
2541139
850768
850769
814754
814753
67128
12933966
51540
318552
67123
81003
815086
147670
81000
188528
4056
825532
66296
825530
188522
4055
66292
4054
38027
4052
25855
25853
25852
25851
168507
196477
186584
196472
374454
31254
31255
31256
31257
31250
31251
820926
31253
31258
31259
812364
66743
812362
812363
855277
855276
855275
855274
855273
855272
855271
855270
36415
441502
69270
446737
34578
855278
12933816
854837
177524
833497
177527
177521
19018
187184
40577
187182
239839
40576
228550
55353
55352
55351
838851
55357
55355
838855
55359
838859
286770
6638
653447
58515
182648
6631
189695
6632
189693
6634
6637
6636
3885717
830985
403944
653440
221178
830987
50651
50650
50655
233651
181179
818351
181172
181177
181175
313929
21829
813019
22074
813014
192179
22070
813013
189346
31926
31924
31925
31922
84779
9407039
31928
853301
853300
853303
853302
853305
853304
853307
853309
853308
282002
380499
12797956
200539
12932305
854658
854659
485830
854657
854654
854655
854652
854653
854650
854651
2542251
2542250
2542253
2542252
2542255
2542254
375035
2542256
2542259
2539133
2539130
281201
2539137
2539134
2539135
832393
4649
130271
839800
832392
4642
183993
183990
4641
4646
4647
4644
4645
832390
128486
396084
818773
128488
832396
5159
5158
830919
122622
832395
5151
830912
830911
5152
5155
5154
5156
115
829663
117
116
111
172009
282001
112
818772
172005
172007
119
118
839893
821941
185693
90736
832398
36329
36328
90737
36324
36327
203100
36321
820019
820018
56282
85409
85406
836007
820010
85403
820015
841112
181357
83805
83806
83807
83800
83801
83803
83809
30928
314717
817299
399942
90417
23218
90416
441282
517031
3077448
3077449
15898
399947
3077440
74386
834566
18986
172617
70810
172616
238405
836549
836542
388531
836541
836547
837497
837494
837493
837491
837490
37496
37497
37492
37493
831792
831793
380286
831794
831795
284325
283111
283471
823634
284323
7644
831919
667204
74383
14208
2543327
84467
5634
37148
37149
178155
84461
830677
37142
37143
37141
37146
37147
37144
829335
822323
318559
822327
822326
822324
822329
318554
40579
40578
810736
823638
12798320
178846
178844
178845
40575
40574
178840
178841
219541
12933110
813843
818892
14205
207615
690345
12933374
843624
843623
843621
819761
819763
3637387
819767
38341
13829
13828
382053
838444
13823
13822
13821
834562
834561
53630
828170
5638
5639
40132
2768976
5635
5636
5630
5631
230654
751812
182643
38340
838447
38342
38345
38344
38347
38346