854852
854853
361630
854859
19418
2539363
44873
219431
838275
19411
838278
838279
19415
19417
2655016
360013
177079
12933251
281825
177073
177070
2539652
827346
825069
494445
29081
185003
825063
825062
494448
181718
181719
2995
181712
181713
181711
181715
821768
821769
100039827
819979
43999
2530
819970
819971
43990
43991
43997
80218
42020
838894
42022
42025
42024
42027
42026
42029
42028
171890
171891
171896
80216
838899
855725
855724
855727
855726
855721
855720
855723
855722
855729
855728
851371
24511
3885654
396040
121391
853079
853078
853077
853076
853075
853074
853072
853071
173793
656
173795
657
654
1501
281791
281790
6363
6362
6361
6367
6366
6364
10152
10153
10150
10151
10156
10157
10155
10158
10159
70235
835947
84253
835943
835942
835941
815342
2539451
836360
21843
23152
836364
836365
829641
2539453
852347
14897
285237
12932027
176674
100169767
84258
184873
100169763
3767888
100169761
84259
45278
659
829644
827337
827336
827333
827331
827330
818371
813328
827338
816795
418597
816794
317396
238880
816797
84247
84246
84245
5199
5198
1618
84240
1616
5194
5197
5196
5191
1613
5193
5192
1466442
179533
179535
179534
179537
22202
2539460
2539461
2539462
138474
2539464
2539465
2539466
2539467
2541603
2541602
2541601
819704
2541607
2541606
2541605
2541604
40310
2541609
2541608
40314
40316
317649
363287
735045
14270
3565037
821098
322269
305967
285464
830409
45894
5449
246126
5443
5442
5441
5440
5447
5446
5445
5444
821094
9370
172676
834580
284541
821096
12934058
2541610
821097
40521
2541612
823057
71176
26091
843607
317671
12930122
12930123
12930120
811551
12930126
12930127
12930124
2543301
441519
12930128
291755
16582
843600
29974
83737
83734
29970
83733
2541619
29978
29979
218639
665782
665780
31971
2543306
729708
688319
388585
108155
831756
830434
318841
318846
318847
127253
127255
831759
819109
819108
8239562
7682
7681
129880
3885924
55917
819102
819105
819104
5473
285489
207920
837720
5471
217692
259448
3885929
837725
84719
3361396
684112
825294
837726
12931653
3588
12931651
12931650
12931657
7538
177595
3589
7535
367
12931659
7536
362
3647468
360
7532
19353
19357
19356
19354
14660
19359
19358
835129
835128
318260
844036
65180
3215
835127
259197
64854
64855
64856
64857
10989
10988
64852
64853
10985
10987
654824
10981
10980
10983
10982
151887
43506
7354398
12934157
151888
810419
9164927
810411
39673
214345
64582
2201
2202
2203
2204
81605
843513
2207
81608
2209
843519
43039
56491
201562
2542045
312912
4477
43035
43034
312915
21389
2542047
46201
852777
21380
21387
850889
21384
832476
832477
116211
850888
94005
17294
17295
832478
159963
301363
304581
35568
396905
825655
9439
9436
9437
11636
235344
11632
100133941
825650
64326
60666
64324
850885
64320
153222
268721
35560
64328
60668
362599
114590
35561
12934098
145226
820104
35567
826814
826816
826811
35564
826813
499443
254013
12934094
122830
114991
100506627
12934093
32692
850618
850619
850616
20473
850614
20471
850612
850613
850610
850611
9293
9290
9296
9294
9295
495144
51710
3361399
75914
67902
78266
821719
269233
179276
12932681
179274
179275
179272
179273
3355079
3355072
53405
10214
53407
841820
10211
10210
10213
10212
2540213
2540212
841829
841828
10219
10218
2540215
105439
54751
176534
840199
37979
37978
37977
3885798
37973
37972
37971
37970
3361400
58911
34408
30988
30986
34404
34405
34402
34080
30981
30980
92400
850435
2852
850432
814888
850433
24380
2999
66366
24383
12934148
850430
66362
24387
2990
12934145
187657
50270
2994
180606
2997
217995
67943
67941
131076
143241
143244
67948
288664
20132
17494231
107272
107271
851259
66090
824605
851251
851250
66098
851252
851255
851254
851256
429
844241
844242
844243
79603
844245
446464
844247
421
420
154091
427
243897
50772
841559
852509
83409
852504
852506
852507
852500
852501
852502
852503
228869
856618
833889
856614
856615
856616
856617
856610
856611
856612
856613
32805
32806
32800
32801
3885792
387496
3361337
51588
55008
3361330
51582
55002
12930241
55000
51586
55006
181556
55004
2542109
2542108
73296
2542103
2542102
2542105
2542104
2542107
2542106
179403
440574
838469
644464
12933379
145165
812127
51631
446284
51633
51634
51635
51637
815822
51639
150864
326624
27129
27128
27121
27120
27123
27122
27125
27124
308113
25417
25416
25415
25414
691974
163049
25418
74111
74112
853679
853678
74117
853675
853674
853677
853671
853670
853673
853672
288663
139105
12931318
75869
9164944
39970
39972
39974
41047
39979
39978
99890
32116
836169
32114
32115
32112
32113
32111
836161
836163
297336
836165
836166
32119
100362725
173808
12932971
326620
12932970
173807
138151
12798474
56061
56062
56063
195823
12798472
389524
57333
57332
57330
57337
101861
57335
113189
57338
101869
37564
37565
37560
37561
37562
831741
37569
12931990
3782
84000
3781
3786
25961
3784
3785
84008
3788
816806
41209
4995
4990
41200
41202
41203
41205
4998
41207
40159
40158
345611
734525
25261
40153
40152
40150
40157
40156
40155
40154
37692
182143
37690
37696
226049
2538717
455214
37698
37699
226041
226043
12932483
821456
843169
12932484
3250
3251
12932488
837697
3257
850933
850931
850930
12930761
850935
850934
850939
850938
232341
29718
9645
837341
2870283
821027
837344
819195
837349
837348
285966
814239
32035
38769
38768
12930808
38762
38760
76742
38765
836863
12933289
12933286
19951
12933284
12933285
12933282
12933283
12933280
12933281
18171
18173
18175
18176
286133
203547
3811
9762
853421
23499
234699
838856
2543391
3817
855145
855144
855147
853423
855141
855140
855143
855142
339229
855149
11863
2543396
811112
525
526
527
811116
853426
522
523
14813
100532736
2543394
528
529
37095
33777
830939
37097
819199
54259
5053
83940
778332
34626
6509
6508
4349638
855526
6503
6502
691149
6500
6507
6506
6505
6504
144165
5740349
814698
39493
12815
39491
39496
39497
39494
814691
2540486
401115
132
170644
842629
2540487
815126
855520
2540484
815120
89
39142
184253
39144
39145
39147
177915
177914
2540481
314384
35878
31398
31395
35875
31397
855528
31391
31390
31393
3799972
3799971
3799970
3799977
3799976
3799975
2542688
3799978
84826
831343
2876142
84823
831344
288584
831349
831348
500261
500262
2539208
2539209
4176
17279
4170
4171
4172
4173
2539200
2539201
2539202
114889
4179
2539206
2539207
3638524
39521
342931
100529264
317987
57456
348938
841436
39780
852265
852264
852266
852261
852260
852263
852262
829124
2543021
33275
852269
852268
397698
2543020
43541
43543
43542
43544
43547
43546
43549
172733
12934461
821357
172737
172734
10725
187076
100042025
329828
838318
12931660
822540
825306
397524
10723
41949
832109
832106
41945
41944
41943
41942
41941
41940
90268
7543
3644907
8110
254042
100506742
171463
152518
12931668
833852
833850
833856
833855
833854
20674
20675
100130562
171460
20670
20671
20672
20678
20679
100529261
175428
824728
175423
175422
175421
824726
427410
838743
362182
392465
828659
828658
828654
828657
828653
828652
85019
16136
80028
5210
811871
80023
80022
80021
80020
85015
820405
80025
85016
824897
824896
48450
824893
824890
105246
2540059
252969
12933949
2540051
290354
2540053
2540052
2540055
2540054
2540057
828388
837729
9002
7319
7318
2539245
7314
7317
7316
7311
7310
2538713
54512
176000
54510
514177
11906
54517
54514
54841
176736
176734
11909
176733
115560
176003
819697
59145
179704
179705
179703
175281
179701
40602
150290
818549
417947
191813
174778
174779
178259
56674
12934540
174770
174771
174772
178250
178257
824015
843807
363633
826765
826764
826761
685451
176882
176883
34013
288588
15959
18483
134637
63985
15951
824010
811874
174482
64822
728343
174487
174484
814426
18676
948937
257068
126006
2655210
26009
291081
35372
851072
66585
161725
1009
1008
1007
1006
1005
1004
1003
1002
1001
1000
362631
811876
216848
2541012
2541013
291556
2541011
2541017
2541014
2541015
2541018
2541019
266830
1724717
11018
1724713
266836
11014
11015
11016
11017
11010
11011
11012
12931832
8615
8614
8611
8613
8612
17880
17883
17882
17885
8618
17886
843236
843233
2869685
834199
851336
834197
834196
2542847
51032
51030
51031
51035
634386
3772126
810703
124975
22862
12931024
12931025
12931026
12931027
12931020
12931021
12931022
12931023
2541687
810707
12931028
843925
217718
834443
834442
834445
834444
834447
542291
90871
26664
253769
500929
213417
2542842
166979
817775
817776
427887
810405
842549
3578
21888
3645657
348094
21881
21885
348093
56262
10827
56260
10825
823660
56267
56265
56269
734233
734231
2543560
2543561
2543562
2543563
2543564
2543565
2543566
2543567
2543569
57136
57130
57132
185322
32917
835714
835715
835712
208144
167465
210297
16370
187872
35237
258751
216963
855860
389898
69654
850817
309557
855866
843160
855867
43583
850812
843521
816896
70603
816897
100873861
810205
269682
810201
843525
56886
12932644
56884
855869
1829
1828
12932643
2541354
1825
1824
1827
1826
1821
1820
1823
1822
843528
81030
81037
192670
81035
81034
414084
31196
44409
2541353
851868
851869
851866
353145
851865
851862
2541890
851860
851861
68015
2541891
68011
443754
767602
2541896
443758
5729212
190741
12930869
380714
380713
2938
116028
445347
12930861
827099
12930867
12930866
445340
445341
841162
841163
36903
36905
841167
841164
2937
841169
447279
54657
2541899
108079
291948
853276
54658
108072
108073
100048912
3311
3310
3313
3312
3315
3316
814021
186085
43026
34283
12933517
12933514
12933515
12933512
12933513
12933510
12933511
12933519
24147
3639989
375775
222236
222235
222234
3644390
841786
841787
339799
18582
4024971
850409
170739
850407
850406
850405
850403
850402
850401
850400
216439
112970
560283
14601
29392
29393
631
632
633
634
635
636
637
638
639
812111
23135
23132
23133
23130
23131
196374
446588
72198
72199
109305
20182
854721
72194
73825
38668
25998
73826
25996
25994
3772102
2539668
2541975
79117
2541977
2542362
819692
2541970
2541973
2541972
31157
31156
31155
31154
31153
31152
31151
31150
91947
79414
3868
91942
79413
79411
286102
3861
3860
3866
91949
32751
326138
855578
38660
2542368
855574
855575
326131
855577
855570
855571
326135
855573
224170
224171
107338
9942
35238
9221789
843847
50022
180032
187026
245522
13039
55218
55219
838993
55213
55210
55211
838997
55217
55214
55215
13035
444140
51097
12933923
100705
12933922
4512
12932770
4513
24642
24644
2542928
15384
22773
22772
816142
22779
22778
18054
852719
4514
843370
852715
38942
38941
856381
184647
852710
852713
38944
31849
31848
817892
856009
856008
817897
817896
856005
31840
31843
31842
856001
856000
856002
32637
31782
32635
51776
32632
51773
32630
264895
51778
32639
32638
38491
38490
38493
38492
38495
38494
56742
38499
397028
56749
856880
2542318
11641
377047
224824
224826
339804
2542310
2542311
2542312
2542313
186869
3565871
2542316
74094
11642
9427
140706
140707
181079
104174
5289
1466418
93144
307774
854990
817235
817236
817231
511298
12930382
1401
653689
817239
74322
74320
74326
74325
146705
854717
854716
854715
854714
854713
854712
854711
854710
42960
42961
42962
42963
42964
1466413
854719
854718
850876
850877
850874
850875
850872
850873
850870
850871
41433
41432
41431
41437
41436
850878
850879
39720
39721
2543045
2543044
2543043
2543042
39726
2543040
1466416
83962
832377
2543048
71310
31580
836730
836733
836734
298317
1466460
1466461
1466462
1466463
1466464
1466465
1466466
1466467
1466468
33147
33144
100857997
33142
33143
33140
33141
831960
831963
283659
824086
839278
270097
12931303
817144
7018
7019
7016
829344
7014
7015
7012
7013
7010
7011
37716
18693
37713
12931307
37711
730
180852
116228
12931306
29785
37719
84612
12933072
84614
12932368
84617
84618
735
12932364
12932365
12932362
12932363
12932360
12932361
753
752
757
29781
755
754
40345
759
758
20615
12933078
353172
47873
837065
47874
47877
837061
47878
212127
100272216
12933671
837068
837069
12930874
440093
287877
233887
100129982
814154
171494
811300
40474
843037
822282
822283
814159
822285
822287
18035
18034
18036
5457
18033
856828
856827
856825
856824
856823
856822
856821
856820
208922
12933677
42953
230027
136991
398248
72831
38131
38136
38137
38134
38135
834607
31457
843788
834602
31450
31451
5740131
31458
31459
5734
814024
5731
830772
11319
830770
11317
11316
11315
11314
11313
5738
830779
825880
838562
838563
838564
838565
19122
823733
686883
19126
19127
183000
183007
12933674
425972
378708
378707
378706
842783
812651
47121
842780
364878
842786
812656
825775
15205
15204
173382
173383
173384
173389
15209
3772415
177890
39264
39267
39266
832035
177895
177896
39262
819684
819685
39269
819683
819680
2538962
2538963
2538960
2538961
2538966
2538967
2538964
2538965
284656
2538969
80728
42510
838384
42512
42515
42514
42517
42516
80720
816680
16574
84626
16572
80725
80726
80727
85025
173652
173653
12661
84019
59054
154796
154790
154791
832607
2540418
841580
6701
177761
177764
841581
83932
833957
833954
83933
833953
19878
19876
19877
31024
12932690
245949
829087
856809
818797
824556
829089
818794
83939
839389
824554
821259
821256
64175
824555
55034
12932691
64170
80184
80185
2540265
80183
2940
176383
176381
176380
176386
176385
818248
734664
836746
818241
818240
324243
728175
818246
820619
54496
54495
54494
54492
58172
820611
820613
820615
820614
54499
820616
3767664
233208
1908
1909
1906
770997
2703407
2703401
1903
1901
13207
13206
13205
13204
57198
13200
13209
12932820
367012
395089
285381
14961
112812
112817
176968
176966
3565725
255798
20005
45380
45382
844433
844431
844430
2838
8814
12932791
2655078
3643149
284114
304893
3643142
310207
824916
306007
254773
838957
135295
828023
828020
828026
828025
826515
826516
311860
12930383
231712
255426
12933
15260
421608
169693
135293
116837
12934
836484
10904
57093
216148
129025
29409
177170
27181
116833
178354
15268
40805
178353
40807
40806
1278
2543485
56347
1270
1271
1272
360678
1277
2540572
8799
2540570
2540574
2540575
8790
8792
8793
8794
8795
8796
8797
10206
2540209
145264
53414
18530
148867
174520
227541
174527
8427
8424
8425
99480
561390
70088
8428
829865
829867
404179
829869
100526693
222008
2541197
31430
2541195
2541194
2541193
10309
2541191
9832
9833
9830
2543444
9836
9837
2541199
831915
35950
2540206
89866
66468
66467
89869
29083
2540207
35956
816303
2543448
12930540
35955
816305
362788
816308
35778
12930549
189062
26401
26400
26403
26405
390916
26407
31439
26409
26408
12931493
12931492
12931495
12931497
12931496
2541220
2541222
2541225
2541224
2541227
16432
2541229
2541228
381644
55454
32430
55450
32434
32437
35770
2542556
239273
2542554
174210
2542552
2542553
2542550
843467
98376
2542558
2542559
842098
37643
55609
92922
55608
93034
54838
148137
100500862
447754
840848
114764
114766
55982
55983
55980
117496
51208
386601
55604
51205
51204
51207
51206
51201
842993
32381
51202
2542880
2542881
79890
19725
79896
79897
2542886
116724
100040053
116729
79899
55600
37960
304074
644890
19720
37961
16517
309295
176525
831402
22691
57580
176523
57583
57584
57585
57586
57587
733594
840184
816286
64436
2595
2596
2597
64432
2591
2592
64431
313648
2543685
2543684
2543687
2543686
2543681
173416
188854
2543682
6283
58101
6988
821405
444307
30990
81827
396766
34432
12607
54915
58100
821402
2622
2623
2620
2621
2626
2627
2624
2625
2543488
2628
821400
20947
31800
841089
9583
9580
9581
9586
9587
9584
9585
9588
9589
191623
191622
734341
184429
811942
269523
12932560
12931532
12932562
12932563
12932564
12931533
12932568
12932569
346689
825855
84920
679221
2540908
841337
2540903
822446
2540901
2540900
2540907
2540906
2540905
9058
822444
9050
9051
9052
9053
9054
9055
9056
9057
24069
24068
226419
64864
37269
24061
37266
24063
37264
24064
37261
24066
79836
22898
22899
13360
22893
22890
22891
68194
22894
22895
7976
334050
100037212
3772559
180918
71846
71840
180914
12934159
727956
12934158
12930765
30120
30122
380520
12934156
268697
12934155
856597
4302
31292
4300
856593
31295
856591
856590
31298
12934153
4308
811677
856599
856598
840060
37842
37841
37840
840064
37846
37844
840068
840069
37849
12934150
64860
3122
3123
3120
3126
3127
79339
3125
183245
183243
183240
183241
9658997
36880
868
841013
11322
723780
38451
185374
12932767
2746201
829020
444546
2746209
25813
186549
25816
25814
818739
183792
25818
186547
186544
18015
66704
431939
64792
66700
865
180263
813548
180265
180264
130813
686098
23309
23308
181790
822250
511045
23301
23300
23303
23305
23304
23307
23306
105844
813544
2541275
100033821
362281
852038
5740446
397026
852034
177561
177562
852037
852030
852031
852032
852033
43404
171810
853349
853348
853345
853344
853347
853346
853341
853340
853343
853342
6675
6674
6676
6671
6670
838818
6672
43400
441094
2539993
838812
6678
838810
4702
2541557
43402
36351
856817
182681
50190
50615
50617
50616
69386
839143
851260
839141
839140
50619
50618
839145
2541552
2541551
181131
328778
821230
108645
189304
189307
344758
4709
173713
4708
51321
852690
852691
852692
852694
852695
852696
852697
852699
184560
54631
43912
817915
817916
817917
43916
817911
817913
240084
240087
817919
128338
140917
2539176
2539177
854698
2539175
2539172
3631181
2539170
2539171
854692
854693
854690
854691
854696
854697
854694
2539179
4686
854205
4684
852969
4682
4683
4680
5217
852962
852963
852960
852961
852966
852967
852964
4689
856278
856279
41252
856272
5212
856270
856271
856276
856277
856274
854200
854525
854526
854527
854520
5110
854522
830950
418514
854202
5119
854529
830959
100127889
3765
839859
839858
79611
821982
172041
172045
21912
434881
818009
33339
837452
84790
837455
837454
33331
21916
33333
33335
33334
33337
33336
844257
66448
45815
21915
39885
39884
36675
39886
36673
36671
39882
175150
39889
39888
36679
36678
44148
44149
41801
41807
291874
2539584
41804
2539583
839092
92291
12930945
829793
41668
829792
41662
41663
41660
41661
41666
41665
40391
40390
836504
40392
40395
40394
40398
836508
836509
395532
175904
3639674
175900
175901
175902
8227
8228
175909
12933763
3766682
819182
819185
819187
15502
734716
15507
15504
15505
174051
174050
174053
174052
171026
171024
174059
174058
12930947
825794
37106
90527
37104
37105
181491
37101
9653057
162461
37108
399327
2540683
318595
229363
828882
838481
13557
11343
318599
838487
838486
40535
40534
40537
40530
43236
822365
822364
822363
40538
44858
43234
840112
7923
44851
44856
178887
43232
818854
818856
818850
834630
818852
174966
818858
818859
23148
819725
55014
2541161
261618
819722
158078
810772
819729
55016
261613
811530
2539919
811532
827851
811534
827857
827854
2543253
2539910
2539911
2539913
2539914
2539916
2539917
57600
55012
17930
55013
312444
14378
38304
38306
38301
38300
38303
38302
57604
379981
830744
234729
830742
837639
52585
81688
81689
834837
834831
834832
14373
843595
81681
834838
826299
5947
826298
5940
122258
11504
11502
830109
5948
5949
838731
65105
838734
65109
65108
150209
839460
810776
178458
12930278
60559
94081
12930279
2539174
91179
69288
6869
838535
447638
842278
3634958
12930274
3565888
284467
835320
222068
94062
11522
2541546
824468
821049
824035
824034
69136
824036
824031
824030
101929145
852970
221613
191426
148581
39847
42702
42703
42705
42706
42707
42708
42709
826890
826892
831275
17215
17216
17217
17210
831270
9164935
12933417
2356
52428
17219
841533
841532
841535
841537
53831
295213
90355
93739
295217
53832
90353
9218
9219
2541541
13837
67054
9212
9213
9210
9211
9217
9214
9215
54862
54863
54860
54861
54867
176028
176029
176027
176024
54869
176022
176023
12369
12368
53838
10299
10298
10295
10294
10297
10296
10291
10290
10293
725
837835
55255
254428
68420
160298
304743
3637799
68427
387893
217379
3637791
380323
380320
829549
45739
829540
829541
829547
851127
851126
851125
2913
851123
851122
827072
2917
2919
814800
851129
851128
54287
12797995
80127
24300
3354965
3767415
79130
79133
79132
79135
79134
79137
79139
820541
3565610
811084
13016
2540292
2540291
2540290
2540297
2540296
2540295
2540294
175597
183552
12933943
810938
12933945
175592
13018
12933946
2541522
246653
2541520
2541521
2541526
2541527
2541525
178147
178146
2541528
2541529
246650
54138
3565577
830297
54130
54131
54132
20215
2541548
79686
79685
91754
79683
79682
20218
91750
175049
252671
67673
81870
175040
289990
544020
188274
3361558
51503
23549
23548
51506
51507
51504
23543
23542
23541
23546
23545
176454
2540437
2540436
59074
2540434
2540433
2540432
2540431
2540430
27136
2540439
2540438
3361552
35166
102577823
12933269
816379
23894
23897
98053
84092
2939
729262
792391
178507
12933267
564886
174285
201181
12933261
35751
174317
174314
843927
174312
174313
35757
174311
35759
35758
843928
174318
178502
9164883
7272
9164881
9164880
24336
9164886
60530
9164884
74190
80164
74192
174283
74195
74196
74197
100758545
259768
43343
853648
52858
2925
853649
341567
267010
12931514
12931515
58861
2538958
12931510
12931511
12931512
12931513
12931518
12931519
80714
12933006
32198
32199
32195
32193
32190
32191
816513
816511
382051
80718
816519
12931454
853644
54433
2538956
64133
54432
2538955
100529130
25498
850356
25493
12931457
25490
854322
854323
854320
854321
854326
854327
854324
854325
21974
21975
854328
854329
21973
79917
56397
3708
3709
79913
79912
12932153
12932152
3702
3703
3700
3706
3707
3704
3705
2121
2120
2123
2122
2125
855346
4916
2128
4914
4915
64131
4913
431669
2543270
2543271
2543272
34485
2543274
2543275
2543276
2543277
2543278
34482
57626
57621
57620
57623
34483
293655
837610
837613
837612
855341
837617
837616
837619
42542
835581
309460
12931450
41118
42541
944750
36471
817641
36473
36472
944753
817646
817647
36479
817649
380462
256281
855349
389084
10723124
855348
53817
53814
251690
497065
339287
12931452
2540628
34839
34837
34835
2540629
55277
34830
83538
2543495
194352
2543497
64135
2543491
2543492
850378
83531
83532
432369
841252
12933208
12933209
55251
853931
816952
4961497
6855
6854
6857
6856
6850
6853
10178800
841257
836175
841277
836174
841272
841273
850319
850318
850317
850315
850314
850313
850312
850310
853958
853959
853939
814349
233071
853950
853951
853952
853953
853954
853955
853956
853957
33641
33640
33643
33642
33645
33644
33646
33649
33648
71472
269774
71474
84268
31057
6583
6582
6580
6586
6585
231506
76123
6588
84306
39413
39410
39411
39417
39414
39415
39418
39419
66589
171599
180688
31648
31647
31646
12931774
31642
31641
189914
834069
14702
50810
342096
34169
72567
174687
34161
34160
34162
339403
34164
34167
34166
824366
100062811
2539631
444209
811733
72562
856418
856419
12934269
12934268
108147
856412
856413
856410
856411
856416
856417
12934263
856415
47399
100873612
3084
3087
3081
3080
47396
3082
2539280
2539281
2539282
55088
2539284
2539285
2539286
2539287
813771
32881
14268
317903
442227
835890
54382
838131
72354
3642873
2867959
838136
838139
838138
819237
239083
37535
12933489
839265
839262
400242
177336
2538885
2538884
100043659
2538886
2538881
2538880
2538883
825303
2538889
6703
832582
132625
812289
831168
185121
185123
84260
2539634
839377
241656
6707
12933481
832586
30314
839371
43895
12933483
43892
26262
397801
124152
829219
12933486
12931158
32503
223626
545378
17183
56903
14269
12797892
839378
855440
855441
855442
855443
855444
855446
855447
855448
855449
12931156
829211
12931150
833759
853138
853139
407738
853133
853130
853131
853136
853137
853135
42279
6004
6005
6002
6003
6000
6001
42272
42273
42274
6009
9420
281696
84267
7391
7390
10059
7392
10057
10056
10055
10054
10053
7398
10051
10050
836209
100506564
121504
121506
396255
396254
836207
84266
221002
37475
173521
100233033
375260
12933007
821536
821534
821533
821531
24479
821539
821538
827272
827273
2655165
44269
827277
2655160
827275
44266
44261
44260
44263
2655336
373714
42858
42854
42855
399421
42857
42850
200728
42852
42853
2539705
823970
2539707
38526
84324
38520
2539703
38522
5090
5091
5092
5093
38529
653269
5096
5097
4496
4495
4494
4493
54851
19213
32770
4499
2541720
2541721
55552
2541724
2655295
2541726
2541727
2541728
2541729
829706
381305
181227
5326
5327
5324
5325
174569
5320
5321
84016
55556
5328
5329
175207
175205
175204
175203
175202
176713
84015
175209
12932128
70465
70466
252479
813129
100042148
360853
11094
71732
2541098
11097
11091
11092
245688
2541092
2541093
3647093
11098
11099
2541094
2541095
300838
100342501
300833
365388
398779
134549
73666
22141
4982
813123
2150
83679
22143
838290
144402
4987
827912
66830
2153
66834
843742
144404
311607
41890
817582
843744
836214
300783
300786
318961
851426
831897
831896
309828
831893
35893
65116
831899
856436
835598
856437
856430
342357
178439
851423
842891
842890
851420
820661
266655
35895
266650
504244
12545
163786
12540
820664
811712
12549
213498
123016
224640
820667
64321
7478
12931757
39186
12931755
12931752
12931753
667030
110616
50927
7471
7472
646377
7474
7475
12931758
7477
838676
838677
117042
117045
19099
12934282
19090
19091
820881
838295
126298
40980
11176
100137707
1489078
154881
1954
829362
829361
829366
829364
829365
304203
2703455
284069
126295
2703453
108121
835799
835797
2539570
2542046
835791
108124
318035
318034
318030
13636
2322
2321
843413
843414
843415
2324
843418
81521
8193
100271927
81522
100132285
284067
12932155
200261
399979
292729
100132288
338809
443868
2542040
166815
46326
52389
735191
836313
85313
7354466
180637
17393
7354465
17395
2498
43662
43664
43665
2491
2492
2495
2494
12932157
63920
63923
63922
63925
63924
830313
63926
11771
63928
11773
11772
11775
830318
11777
11776
17025
391833
2542042
2542186
12932156
2542189
315649
498433
2539003
42503
832225
832224
832221
53382
53380
53381
2543329
90780
12932151
499523
311384
826913
826915
826916
152815
499529
152816
2569
14461
20533
6560
3770431
22979
12932150
828414
100039086
20539
824208
3643650
352909
255193
186005
824205
100037064
140674
31962
42132
42131
42130
80342
825490
42139
80341
80346
80347
80344
80345
856435
850486
850485
850484
850483
850482
850480
3355133
3355132
3355131
3355130
414919
851099
850489
3355134
10556
10557
10554
176955
10552
57862
10550
10551
841706
841707
734924
841702
10558
10559
2541284
78455
232875
8822
8823
8820
8821
8826
176279
8825
8828
8829
176272
34368
12798299
179429
179428
34363
34362
34361
179424
179423
12798291
179421
34364
102465464
307842
178386
213673
851688
114928
12934069
112869
851682
851683
851680
851681
851686
851687
12934061
851685
829252
12797925
707559
844406
230967
12930667
818395
836482
1485
67826
851354
58493
851356
851350
851351
851352
851353
1466494
851358
851359
837878
58516
58517
1488
58512
58513
58511
24533
66196
246540
24536
24534
72113
446502
856433
72117
72114
2543326
416517
8484
1562
72119
1565
34142
175603
837876
5740816
824944
38598
12930617
35563
12930618
35098
35099
5027
35090
35091
35096
35097
824940
55164
55165
55166
55167
55161
55163
112597
55168
294810
3361273
270152
100873557
91272
3361275
20055
225849
844050
838114
844055
175609
844057
35540
35541
35543
35623
832579
35546
35547
35549
29717
2542452
100533952
643
2542451
100533955
181341
181340
181343
55291
55296
55297
55294
31841
181348
55298
55299
12933293
2542456
22260
12933836
821870
83549
204962
2542454
189590
83548
140730
183859
12933297
837087
54636
183851
12933296
542391
147407
74019
74018
83544
74015
668626
74016
74012
27370
27373
27374
27376
27377
9164920
83541
9164922
9164923
9164925
9164926
83540
2542066
841852
2542064
2542062
2542060
2542061
2542069
853442
298066
853441
836043
853447
853445
25287
25283
836048
117526
55837
32011
55835
32017
32016
32015
32014
32019
32018
2540710
59342
55839
140823
816494
816495
816492
28999
225363
834307
26395
26397
2542393
7621
2542395
2542396
2542398
2542399
26399
26398
101943
57478
57479
57474
57475
57476
57477
57470
57471
57472
57473
817351
810893
24887
308900
308901
810898
810899
24888
441362
12932050
12932051
117060
816723
84126
12932055
816726
12932057
12932058
12932059
84128
84129
309053
26022
26020
64902
26025
26024
36801
203611
100534599
820979
109731
820974
100534593
432285
837794
147872
837791
37798
37795
296369
37793
37792
37791
37790
2542934
84699
2542936
2542937
138046
2542932
2542933
84690
84691
821962
84693
2542938
3516
84696
3514
41288
70661
855848
855849
41289
855844
855845
855846
855847
855840
855841
855842
855843
819332
35442
71538
14623
14628
14629
285848
38644
38645
38646
38647
38640
38643
146562
38648
38649
172941
172943
172942
172944
172946
172949
172948
819335
188967
83479
83478
12932398
83475
83473
33850
12931257
33852
33853
33854
64174
33857
33859
25060
304017
12932397
422014
234959
12931253
59267
316098
12931252
57493
304012
12933746
225471
100033435
12931250
100033433
100033430
12933017
40743
40740
40741
12933013
12933012
12933011
40745
40749
12933019
12933018
47219
47218
79128
375033
148398
497063
12933920
76088
76089
811108
12931258
644
39596
39594
39593
819579
39599
514
2540456
29433
811381
171415
77976
171410
171411
234374
842708
842700
12932393
173309
29365
55113
15289
15288
360652
173301
2538756
173306
193116
184199
237823
177815
177816
101060684
35939
35938
825805
361385
35931
35930
35933
35932
12934544
35934
825809
12934547
835554
36171
835556
835557
838300
835553
84901
84902
822467
84904
84905
822462
831424
84909
5740
822468
831422
15007
12932390
184441
839652
839657
811962
839655
230161
218977
392617
180575
180577
180576
818717
818716
500450
818713
818712
818711
818710
818718
852180
852181
829009
852184
852185
852186
852187
852188
852189
813523
829007
829004
22171
43460
43461
43466
43467
361522
159090
4724
43469
4720
4723
4722
854920
854921
854922
56122
854924
854925
854926
854927
854928
854929
19708
177107
177102
9573
12933801
177108
41829
852458
852459
172167
13537
172164
41820
852453
41822
41823
41824
852457
852454
852455
29264
855421
825111
829668
825119
185718
83706
181626
181624
39644
181620
181621
647000
216767
12932695
161142
853115
20739
3772646
495065
122970
2540546
100129480
824441
100039959
57295
2650
2541496
57296
820560
828750
828751
80108
828756
820568
2541495
42339
42333
174555
2541490
20088
45307
2541491
2539459
48552
10390
10391
10392
10393
10394
10395
10396
10397
10398
10399
304817
54505
100130892
820699
55017
44653
7214
7216
6217
836472
2541498
100791863
6210
173484
176471
173482
176473
6218
2540641
41179
179629
2540645
2540646
2540647
2540648
41173
179627
41176
41177
41174
4961478
40887
40886
40889
40888
4961477
829662
4961471
4961472
55011
288305
837963
837962
837960
837967
33029
211949
100043839
2542449
55466
8914
176348
80816
80817
2655313
2655319
493829
80818
319955
54906
18823
169611
1768
2539517
2539510
2539511
2539513
1762
353190
1760
54902
22626
2539519
826593
40225
40224
40226
40221
40220
40222
36403
243958
40229
40228
831841
2541119
2541118
2541117
2541116
2541115
2541114
2541113
2541112
2541110
11119
11118
12366
830533
11113
11112
830539
830538
11117
11116
179997
8711
179995
283464
8714
8715
283461
8717
8718
394357
296966
394353
179999
179998
388115
50883
50884
414594
65983
3783690
179373
3638251
280846
66978
190954
280843
395916
834090
175837
66970
834094
7112
12930708
12930636
12930637
832878
325618
12930632
12930633
12930630
12930631
832872
12930638
832875
834324
834321
396218
834323
9266513
12933571
3635033
343171
12931973
94064
12934218
311033
296344
12931932
256435
12931977
819035
819036
12931974
819039
9526
65987
817039
817032
25045
644815
35801
35800
31384
12934213
31382
33766
12934215
843274
574537
397874
12934216
100158365
56108
56107
56105
56104
56103
56102
56101
386618
2543609
57279
2543605
2543607
2543606
2543600
2543603
2543602
835054
835057
835056
835051
835053
835052
12932642
8674021
12934330
835059
293448
232943
193796
12932409
835464
69994
827965
827962
69993
827960
12931275
100135583
12931277
12931276
12931271
12931270
12931273
84552
90673
152992
9509
2304
9502
842945
9500
9501
9507
842944
57026
12930515
3642407
49090
835463
132954
12931702
84830
12934307
12932400
40437
12932603
12933334
12932505
84832
12932406
43145
43146
81779
43142
81774
2515
2516
2517
43149
81771
2512
81773
84836
12933335
152663
14462752
64086
294239
68119
22818
60465
60466
60460
60462
94175
94176
60468
94173
841000
36821
36826
36824
36825
90665
36829
8617188
54996
54997
54994
54995
58233
54993
58231
58230
821556
54998
12930276
2540983
851004
2540981
2540980
2540987
50373
12933651
12933650
2540989
2540988
12933655
12933654
12933657
12933656
432731
69527
447787
4884
12931709
839581
132321
132320
50374
839587
825323
12931708
811811
811193
827258
811810
814962
81821
67160
850728
226414
67166
850722
850720
850721
850726
850727
850724
850725
814719
232339
178970
827255
814713
29290
40626
814717
814714
72097
23078
23072
23071
23070
23077
23076
23075
23074
2540327
2540326
3772064
2540324
2540322
832581
2540320
2540329
2540328
29127
29126
831285
25898
29123
29122
841919
841918
25893
25890
25897
854467
25895
29128
12934388
42839
31210
31211
31212
31213
31214
31215
12934384
31217
100873453
22872
816686
84071
67785
67784
855239
34539
67781
3772396
12931625
855232
855231
855230
34536
34537
855235
496224
180771
1419
854469
26608
107071
24086
57908
301438
188569
843408
182601
42183
7040166
823959
162514
12934191
22388
816689
22380
22384
22385
65195
110960
813418
41862
829139
23381
23380
24768
23382
23385
23384
23387
23386
23389
24766
151507
14313
38669
22030
22031
22032
22033
22034
813054
22036
22037
157074
189381
35665
852619
35660
35663
35662
852610
852611
852612
170935
35669
852615
852616
852617
856768
856769
679934
841066
856760
856761
31960
31961
856764
856765
856766
31965
55316
55313
55312
55311
92979
143872
165324
55319
2689
56667
2542217
2542216
2542211
56663
2542213
2542212
100158003
98432
2542219
57905
12930331
4608
4609
4606
183957
4604
4605
4602
4603
4600
4601
93377
23924
816348
2799
23928
27235
27237
27236
140629
140628
27233
27232
51124
51125
51126
51127
27238
51122
51123
151
150
153
152
155
154
157
156
159
158
821908
309158
309159
817370
36360
36363
36362
36365
817375
791595
185650
817378
85442
85443
85440
85441
85444
85445
74205
74206
74201
74203
854612
854610
854616
854614
200576
40989
70584
2543164
2543165
314751
2543160
39808
83840
39804
39801
2543169
39802
173976
173973
837571
173979
38661
12930702
230103
329581
12798503
837803
89790
36585
36584
36587
36586
36580
36583
36589
297755
818159
837579
89795
836582
836583
18952
18950
18951
12933003
3639418
200942
41374
12932240
41376
41377
41370
12932244
41372
41373
12932249
12932248
84717
41379
229211
12934053
12931144
3492
123283
824599
41958
837187
837180
37188
553117
37187
553115
37185
37182
837188
37181
440193
72972
53421
339318
832118
814050
31315
814052
178801
814054
814056
12932645
315936
116064
50594
811020
14457
33954
33957
3646803
33950
33953
33952
50592
33959
832117
12933673
837238
363823
837233
837232
284361
34982
34980
34987
34986
34985
34984
825444
175985
175986
175987
175980
175982
175983
834522
834523
31551
31550
31557
31556
31555
31554
171607
13866
13865
171604
171602
171601
13860
5670
5671
5672
5673
830636
5675
2768934
5678
34479
830639
838401
838400
38389
38388
838407
838406
38385
38386
38381
3640264
10178851
2876969
817083
183165
400011
33769
19317
18707
434025
834722
181557
6434
6433
6432
6431
6430
18704
103583
39386
2539991
2539992
39385
39382
2539995
2539996
39381
2539998
2539999
116937
71752
842138
125875
835691
835690
835697
366992
842130
835699
835698
812045
181414
831583
831582
831581
100384477
831587
831585
414578
231123
97112
177609
12933884
39038
39039
39034
39035
39036
39037
839752
39031
39032
39033
814375
19935
51426
53428
680111
830034
17828
818670
19042
42788
42789
12053
238
239
42781
12932729
42783
42784
231
42787
2539334
2539335
2539336
2539330
2539331
2539332
2539333
818693
818691
2539338
2539339
818694
245866
43787
43786
43785
43783
12932647
100101275
43780
153733
12930360
64632
64633
69202
43789
43788
21652
829213
12930363
499110
813316
813314
813315
353227
283989
813311
283985
283987
818529
813318
99730
829638
172647
45401
488213
172640
102693
374260
172648
827051
165545
303353
2541038
79089
947364
190370
200030
58037
38815
38814
38817
38816
38811
38810
38813
38812
38819
38818
281728
281729
295251
67109
10749
10748
10747
10746
10745
10744
10743
10742
10741
12930459
828668
948489
948488
11838
54206
11837
11834
54205
14840
14842
14843
175517
58189
175514
257
175511
29816
246778
55592
828627
175519
12933718
1466449
828140
220296
3636733
319178
137868
820714
820715
820716
827561
827567
362699
827568
83616
820718
44750
100502861
6029
812753
169792
831757
1263584
12930461
20296
157922
398742
20318
828271
29722
373963
828274
29728
815069
2541830
2541831
2541832
40929
2541834
2541835
2541837
40922
2541839
40920
40921
40925
1139
1138
818735
1132
1131
1130
1137
1136
1134
815060
12933888
23052
179817
373961
827384
2745525
827381
27248
12931384
5007732
12933443
288532
288533
12877
8500
8503
8502
8505
8504
8507
8506
8509
8508
268890
12879
78894
12931387
444393
827643
291796
12931844
12931845
25155
12931843
174398
174399
50457
50456
174395
174392
174393
12931848
12931849
66540
126133
22632
816220
22630
22631
816225
318890
318893
12930460
178944
22639
55192
12930468
102577641
26523
26520
26521
12931598
26524
26525
12931594
12931595
26528
12931597
12931590
12931591
12931592
12931593
728758
192269
2541306
2541307
2541305
2541303
2541300
2541301
2538929
12933191
140939
216527
12933196
217082
420574
214572
816595
26298
843303
843305
26291
26292
26295
26297
178451
84340
7189
245956
3644638
8617413
12930541
495247
32268
32269
398313
55669
51329
32260
55666
32262
32263
55663
55662
55661
32267
850488
12931339
9221802
2542769
2542768
79998
100041748
56317
2542767
56478
2542761
12931335
79991
2542762
395774
17907
25369
174137
25365
100036779
817175
29452
817173
817170
382236
29102
836167
3771934
2519
12930543
55944
174133
65220
174130
65226
436971
9407219
215627
7363
64577
286343
76886
53893
53890
251610
59050
30590
5802962
117177
5802967
72701
5802965
58801
117178
12933580
55949
2709
3639369
818533
2705
2707
2706
2701
2700
2703
2702
2543419
2543414
2543417
2543410
2543411
2543412
2543413
446904
3638713
545486
11931
821788
855215
66409
855214
2540828
2540829
2540820
2540821
2540822
2540824
2540825
2540826
2540827
855219
187451
9718
37403
343472
9712
9711
9710
9717
9716
9715
12932739
443994
24108
22994
22993
22992
832763
12932731
37341
12932733
12932732
37344
37345
22999
24105
844260
832761
153643
831679
839511
67088
67089
432508
179711
832765
67087
108679
856940
108672
108673
71960
12931739
2745723
2745726
2745725
189992
107094
189994
189995
850397
850396
850395
850394
380407
850392
850391
12931735
100499208
380408
836245
850399
850398
856492
851445
851446
851447
856496
851441
851442
39879
827531
137492
856499
851448
851449
12931731
112495
113878
3007
3006
3001
3000
10215
3002
840147
12931733
3009
3008
840141
57257
361833
841301
169966
836862
361831
10672
183365
115727
4340185
841305
100359753
9104
825433
31029
362817
825437
825434
114898
114897
31022
31021
12934190
31027
12934196
12934195
57541
817182
188488
10217
226421
39876
339487
3361562
3361561
3361560
3361566
816027
225358
3361569
594865
121642
67332
67333
2655192
143471
643752
838650
188731
22829
337795
188736
812200
825385
2538806
2538801
838652
825382
825383
23228
23229
23223
23220
23221
79649
727830
23224
23225
177447
308709
177442
177440
30954
855377
24182
30957
855372
855373
30953
84356
117062
826716
3769951
825204
55333
286077
3916
286075
3914
3913
3912
3911
3910
838870
84352
3918
6730
34704
6732
3361384
6734
34700
6736
6737
6738
72535
34709
34708
3361389
3361388
2539877
5802786
2539876
55254
831074
2539875
3642706
50157
35252
35253
35254
25819
35256
35257
35258
10880
92703
827777
2539872
55506
181274
32701
32700
181271
55503
32705
55501
181279
181278
55508
55509
22174
22177
100337511
22173
189467
6086
6084
6085
6082
6083
6080
231003
347273
26112
827732
12931555
43819
822018
43816
43814
43812
43811
12931082
12931083
3284
2539033
2539032
2539030
184733
2539036
2539035
2539034
12931086
12931087
852809
26118
320706
320707
852801
852800
852803
852802
852805
852804
852806
856139
856138
328572
856131
856130
856133
856132
856135
856134
856137
856136
854403
854402
854401
5013
854407
854406
854405
854404
5018
5019
854409
854408
837888
254528
2542404
2542405
2542406
2542407
2542400
2542401
2542403
2539785
2539784
2539787
2539786
2539781
2542409
2539783
2539782
79433
339976
339970
836281
36288
36289
836285
836287
36282
36283
36280
36281
36286
36284
36285
14936
12931729
1466518
1466519
1466514
1466515
1466516
1466517
1466510
1466511
1466512
1466513
172251
172250
172253
63977
270190
270192
172259
172258
826599
36130
36131
2538780
36133
36134
36135
36136
36138
36139
2538788
2538789
24701
818682
820268
54441
317218
24703
379300
820261
26870
41503
41502
84505
147906
32686
84502
810612
816744
70790
823950
14939
836425
39619
133584
39615
39616
39617
39610
39611
39612
39613
3703936
816745
285753
810614
7922519
2542844
284086
172870
172873
3770487
76795
320528
172878
826595
817890
818070
233046
831817
831810
831813
407018
820841
7168
7169
174159
827075
174154
7163
7161
174150
7167
174152
174153
33560
37662
33562
33563
182190
37664
33569
55510
37668
8079
8078
3420
8073
8074
2542849
40676
40677
811641
40672
40673
40671
833559
40678
40679
100130557
827077
86614
226548
55512
47905
2006
212632
47906
47900
167555
2539815
2539814
2539817
2539816
2539810
2539813
2539812
383528
4858
9909
2539818
4857
2655421
12932871
8492
4856
811277
843147
843144
154807
843142
4855
64073
811270
2768877
855937
322397
679910
4853
4852
38226
856746
72946
98193
38223
38221
3640547
842811
4850
842817
72948
38228
38229
4325700
192166
307594
830707
383295
192160
43373
174848
820159
856740
43374
43375
282015
843491
43378
856741
174847
843497
19014
19015
19016
5822
5825
5824
5827
19013
5829
5828
11261
11260
11267
11266
11264
820152
65020
158038
835244
65028
835240
12930774
138716
93686
730211
851630
64779
64778
839549
839548
839547
832734
64777
64776
64771
64770
64773
839540
100779203
828457
828456
93688
830399
64580
830395
25468
12931996
830088
11061
8673993
8673992
812513
266806
43596
780851
43594
43595
43592
43590
43591
824170
824173
824174
69077
825260
3771836
138715
191741
191743
31370
6911
826998
42428
842361
42424
42426
42421
42423
17311
12930454
12798
12799
17319
17318
512971
293016
100041236
830709
9156
9150
9152
9159
9158
7908
16952
337873
391723
7905
12934475
852988
500564
176149
176148
4621
176145
176144
176147
176146
176141
176140
176143
500569
20821
124995
831049
306862
20826
831042
831043
831040
831046
831044
367307
362152
824017
12797914
818902
827489
2542233
387990
852981
827481
827480
827484
4085
852983
287454
211651
3637691
2542237
114520
2542236
821674
821675
824280
824281
821670
2542235
821672
821673
41994
41995
41996
824289
41990
41991
41992
41993
851602
851603
851600
44548
851607
851604
851605
44544
81603
851608
851609
44540
26875
26876
44543
13162
513751
13163
3644796
8674119
835180
3936
157773
304488
31379
90167
2873749
380179
175499
179138
90161
175492
175493
175490
175497
179133
33920
840435
375593
33921
828439
3565400
3648372
840438
830805
830804
830807
844324
844323
830800
844320
58835
11758
830809
28442
844328
79768
175725
175726
175727
175720
175721
175722
175723
79760
20319
230376
175728
79767
3636568
568986
67530
51105
67534
282843
282840
330361
81607
188133
433923
21807
330369
66667
51101
66661
66660
66663
2542738
826468
826469
851946
830335
209011
2540775
2540776
830334
2540771
2540772
290631
373975
311671
2540778
2540779
222894
12931302
2874210
234865
243469
104015
51005
38047
23753
126308
1300
1301
1302
1303
217166
23759
1308
302934
27042
27043
27040
27041
51001
27044
830853
619569
27049
844376
446322
59240
59247
59246
50790
35013
110886
174456
35016
178771
174453
35015
50799
92140
178778
178779
843068
32549
32548
78967
32545
32544
32547
32541
32540
32543
32542
8332
8330
8331
8336
8337
8334
8335
420332
8338
8339
1487705
9906
9907
9904
9905
9902
9903
9900
56438
56437
56436
56433
9908
56430
110862
145282
32099
32098
21924
32093
32092
32090
32097
642394
32094
821960
12931034
22408
4818
22404
22406
816413
12933127
12933126
173
2874721
40010
172
25758
25759
89845
190865
190860
25750
25751
832246
12933122
3665
21838
3667
3661
3660
3663
3662
24803
21833
490488
24807
21834
24805
24804
56292
56291
554235
56295
56294
56298
289561
12933014
114612
33988
85423
64983
64981
853587
2543339
2543338
57748
57749
57746
2543334
2543337
2543336
2543331
36301
2543333
2543332
3593
3592
854179
36300
3597
837719
3595
3594
854173
853583
854171
854170
854177
299331
854175
185670
185673
853580
53917
53916
36730
36731
36736
826978
53918
304979
23359
14874
17528
105440
105445
843063
12933368
12933360
12930458
2875240
12933365
12933364
814032
12933366
2543591
2543590
2543593
2543592
2543595
2543594
2543597
826418
817451
2543598
297699
850468
811335
817456
100528030
340542
340543
835116
340547
290046
192167
826752
39228
99003
561158
12933098
12933097
824220
12933095
12933094
12933093
12933092
12933091
12933090
821610
814223
2539438
852065
33760
852064
37069
37068
58921
58920
37065
37064
37066
41354
37063
37062
12930626
380237
109910
380239
290561
15170
45871
814036
39518
841427
841425
39514
39513
113938
295347
841420
31728
31729
12932903
826751
31721
31722
31724
31726
31727
2745885
2745884
852069
12932942
12932943
12932940
855285
12932946
855060
12932944
12932945
34009
67273
34002
34003
34000
3361483
67279
115572
34005
768304
768303
814487
814486
811476
811471
811472
12934298
14381
56675
446566
819923
76007
68539
728599
817945
12934299
84988
84981
84984
84985
84986
84987
651
31189
4239
4238
31184
31185
31186
4234
4233
31181
9164882
170724
170722
299694
406219
12930149
91351
118738
29525
103468
641289
8862
172471
852109
35351
172474
35353
172476
852100
852101
852102
35359
852105
852106
852107
33761
818140
12931618
188671
641649
12227
839733
431846
180317
812503
180311
180313
240641
811536
314322
23417
23411
23410
23413
23412
825195
6648
185795
825191
23418
6649
76916
100313824
326188
326189
832642
326186
326187
817860
817866
855758
819846
819847
819840
392509
171927
171923
839172
33725
109711
814825
839173
90102
838927
855659
855658
839033
839032
839031
855651
855650
855653
177185
855655
855654
177180
855656
7290
853762
853761
2768687
2768680
853766
853765
7297
7298
10311
853769
10313
2768688
10316
380110
121268
281854
173404
173401
281855
121260
378947
12931320
100009252
173408
56254
182229
6297
6296
6295
6294
6293
6291
821473
821470
821471
81855
81854
81857
81859
81858
821479
827131
822081
827135
827134
827138
506238
10574
835839
947793
947794
822084
841721
51094
841722
835835
184944
38447
38444
53507
38443
12934479
823834
823835
874
875
873
38448
871
856306
856307
856304
856305
856302
4597
4594
856301
4598
4599
57124
856309
57125
2655399
80898
80896
386724
80895
2655390
80890
854230
854231
854232
5202
854234
5204
854236
854237
5209
5208
12934472
122799
175121
175126
2539599
2539595
843701
2539591
2539592
2539593
36076
36071
36073
29739
626503
12934477
36078
33245
18647
11193
18645
33241
33240
11197
11196
11199
11198
291691
395626
33249
12930779
18648
17920
17921
17927
17925
17928
207147
735137
826263
33604
835609
841137
45928
379390
12930709
45922
12930773
146206
44030
44039
12932217
217365
12930777
12930776
41716
41717
306231
41712
12930775
176210
33606
55714
41718
41719
129642
12932214
831993
12798013
831998
831999
829944
174293
174292
8348
174295
267002
100009074
177697
124404
266759
818922
3645280
47718
818928
415935
6907
12421
15434
6904
15432
8139
6901
6900
12428
3767954
8131
6909
6908
734668
831668
734660
831660
831666
50808
50809
7739
7738
834017
834014
29476
7733
50801
829949
7737
50805
50807
63868
239405
162972
19192
42580
811564
124401
833743
829208
833747
833746
12931149
12931148
829201
829200
12931145
829202
829205
12931142
829207
12931140
839723
833308
3770977
172920
100506012
823727
838029
838028
838026
838024
838023
838021
128344
192359
100271849
7180
69917
107829
426126
5784
5786
5787
5780
5781
5782
5783
5788
5789
12934045
125115
951476
832737
951475
12934383
824980
60391
54836
94246
94244
94245
94240
94241
828556
834902
828552
828553
834906
834907
828558
19225
19224
19223
19222
235180
11430
11431
16016
11434
11435
52513
3642576
214444
832503
832500
20701
832505
959
958
3565977
950
953
952
955
954
957
956
841452
810236
223082
80790
854367
80795
80794
780852
824329
100793805
501206
84484
852931
824323
824326
16855
16854
379363
780853
852933
125972
16852
268288
2539148
12166
42678
12160
12162
42676
500988
719
42671
42672
2539143
45021
852938
29211
10452
10451
10450
10457
10456
10455
10454
29219
10459
10458
841621
432128
841623
21761
195176
21762
728953
163259
55665
8909
8908
54918
54919
8905
8904
8907
8906
8900
54910
841996
179309
841993
179302
404203
361677
841999
152006
827677
26939
814078
12931965
26934
12931967
819296
26931
12931960
827678
827679
12934302
100286772
12934300
12934301
12934306
361673
12934304
12934305
12934308
12934309
24552
68738
157638
68734
149563
68732
216197
43739
216190
606551
495698
814978
851013
851010
851017
851016
851015
851014
2824
187148
2826
851018
2820
2821
2822
2823
32574
841312
12798431
100500815
66254
3772520
837362
34244
34245
1409
1408
34241
34242
4379860
79047
1400
1407
1406
79042
35197
35196
35195
35194
35193
35192
35190
317322
32573
813866
35199
35198
100302090
553607
3634775
100151684
100151683
2541418
2541419
2541416
58538
838716
2541415
2541412
2541413
2541410
2541411
829147
299909
844150
1540
103921
844158
170826
100801829
79598
3361134
84290
79591
79590
79596
79595
79594
114131
114132
130540
3885736
818339
93663
93664
854576
1549
32979
830965
51438
51439
181424
32971
32972
32973
32974
51433
32976
32977
12930377
12930376
12930375
12930374
12930373
854571
830961
12930379
12930378
2540865
172093
2539498
79709
25650
34309
382522
74754
74753
2540866
78889
12930858
55988
12930859
338567
852309
100355961
79701
2540867
2539493
853561
853560
853563
853562
853565
839189
853567
853566
853569
853568
10369
74288
171627
55973
839187
55971
55970
32358
55975
55974
171621
9941
32357
32350
32351
32352
852301
10368
811599
841173
832370
12931428
12931429
53334
2542299
2542298
2542295
53333
2542297
12931423
2542291
2542290
2542293
2542292
57539
362809
53331
677813
57531
57530
57533
57532
57534
57537
57536
40138
223666
2540862
140671
441246
12931393
825020
227753
816609
816608
816607
816603
812590
51554
26108
26100
26103
63830
63836
636808
821291
108069
37458
3417
108068
3639498
854038
854039
37450
37451
854034
37453
854032
37455
37456
3419
79863
2542870
2542873
2542872
2542875
33360
2542877
79864
2542879
2542878
79869
79868
855929
4869
2019
2018
14229
4862
855922
2017
855920
855927
2010
855925
2012
33487
18481
14103
14102
854533
14104
33481
71679
14109
12933195
285205
5618
33489
33488
5619
837109
12931789
837104
364208
838462
4893
326153
2768910
36509
36508
534712
36504
36507
36506
36501
116644
836235
817364
823369
2768916
38079
38078
38077
38076
38075
38074
38073
38072
234852
38070
12933118
34908
34903
12933113
34901
12933111
34907
34906
12933114
12933115
2540944
40029
945225
40021
40020
326234
326235
326237
830878
339390
316221
854536
831308
855078
819239
855855
816877
855071
855070
855073
819230
855075
819236
855077
855076
851974
851975
851976
851977
851970
851971
851972
851973
824090
851978
851979
4595
12933502
173260
170082
830661
173269
834891
51592
360515
360514
284904
2768977
822098
228361
39309
39306
5740279
39304
184091
39302
123879
171689
39301
12934469
12934468
12934463
12934462
834507
12934460
12934467
233490
12934465
12934464
173191
173193
173192
835613
835612
835611
835610
838220
835615
838222
51594
831509
177682
177685
822546
177687
123872
820572
831501
831500
856527
856524
856525
180430
180431
180432
856521
856528
856529
729774
47080
47082
818613
818614
80258
818618
818619
51596
12930880
4008
4009
43709
810860
4000
4001
43703
4005
43700
810862
32337
2768974
854809
854808
854807
854806
854805
854804
854802
854801
854800
177021
813398
813397
813394
348013
852319
852318
852311
852310
852313
852312
852314
852317
852316
825014
185050
235439
825019
838796
10361
2872560
494470
398649
34991
38898
38895
38897
38891
38890
17476
13368
399287
398645
240057
5008021
5008022
13367
422169
80223
80222
80224
80227
80228
221154
319974
362342
256223
12932840
42079
42076
42077
42075
42072
42070
126204
824651
824650
824653
824649
824655
824654
824657
824658
20163
20166
20167
853047
853045
853042
853043
828147
853041
828148
22245
853048
853049
820798
286410
12931336
820790
820791
820793
12932005
6310
6311
6317
6314
6318
6319
139716
179549
203569
2540129
2540128
290447
2540125
179541
2540127
817489
2540121
2540120
841798
836337
10128
51750
836333
10123
10121
10120
10127
10126
10125
10124
285267
176640
176641
568520
835979
835976
307498
176649
835972
835971
653067
56382
814448
839807
255057
80913
814443
174649
314436
125228
827307
447718
174647
827302
827303
1645
285190
1647
1646
1641
1643
1642
12930976
1649
444087
41037
41036
41035
41034
84218
41032
41031
41030
826653
2539418
84210
315708
41038
40346
40347
340578
40342
40343
40340
40341
29945
29944
29947
29946
29941
607
40348
40349
79796
2541658
2541659
305955
2541654
2541655
2541656
2541657
2541650
2541651
2541652
2541653
5432
5433
5430
5431
5436
5437
5434
5435
28010
5438
5439
12931693
179893
3564910
164091
727936
294512
2541386
2541384
2541385
114336
2541383
2541380
9620
414495
2541388
79798
280922
12930178
734746
12930171
12930170
12930173
12930172
12930175
12930174
12930177
12930176
8581
3637956
843388
843389
289758
834207
114489
834205
834204
114486
834208
843385
80329
319149
70747
2540116
73914
8273
48971
9966
48973
237928
129852
819172
819173
819174
819175
819176
819177
9960
8270
56458
828962
828961
828967
9962
828965
828964
301123
828969
9963
56455
2542009
729480
56261
259498
9666
9407293
55633
7504
356
355
7507
353
177661
351
350
16570
828784
7508
359
358
191278
80325
297406
191277
835151
835152
835153
835154
835156
835157
842471
835159
842477
31149
255877
833138
444834
10113
2543357
101929780
69890
9669
827883
836028
10952
10953
10950
10951
10956
2543355
10954
64862
810446
2543354
100791618
16468
810449
447199
2543351
150709
2543350
3683
349565
2541969
100355886
338761
119504
45574
595099
81639
43067
16728
43063
2259
43061
81631
81630
2255
2254
2253
2252
81637
81636
21350
21351
24180
21353
387680
21355
21356
24185
499417
810289
24189
305178
844734
55814
166929
844730
844731
22919
22918
22916
22915
22914
22913
32073
22911
190586
2785
2784
2787
2786
2781
2780
2783
2782
94031
94030
94032
2788
116224
116225
9465
9464
9467
9466
57045
55812
9463
9462
57048
3680
9469
9468
54893
54892
54891
54890
54897
54896
54894
54899
54898
677768
27984
153364
38946
157285
39151
12930917
12930916
380489
12930914
12930912
12930911
12930910
380481
67857
60632
303786
9793
9792
9791
34669
9797
9796
9794
9798
254048
113763
54769
54768
220885
54760
54763
54762
54765
54764
54766
20403
20402
824514
2540104
20405
34663
20408
824518
3639377
12933462
67003
12933460
12933461
12933467
12933468
820175
41774
78294
6240499
163351
768213
34665
79970
380242
109543
3355041
3355040
268491
12933593
2540244
850572
2540246
850570
850577
2540241
2540242
850574
850579
850578
2540248
2540249
12931627
12931628
315215
180021
37546
841812
841813
841810
841811
841816
841817
37924
37925
37926
37927
447348
37922
59014
37929
447342
79658
79659
79654
72607
79656
79657
79650
79651
91782
12933071
362799
51129
851196
851197
851194
851195
851192
851193
180634
851191
444494
12933070
26762
851199
12934113
12934112
12934111
12934110
12934117
12934116
12934114
188408
66357
12934118
66353
66352
34789
34788
144245
333929
34785
3361306
34787
12933073
34781
34780
34783
91875
107242
67916
57415
78388
851220
851221
851222
851223
851224
851225
851226
24400
851229
180181
24409
180183
472
473
402483
471
476
477
28755
475
478
479
842023
852557
852556
852555
852554
852553
852552
852551
852550
852559
852558
856647
856646
856645
856644
856643
856642
35780
35781
832237
35788
856648
2539424
12933074
2539427
32839
32838
3998
32835
3996
181589
32836
3993
3992
3991
3990
852881
852880
852883
852882
852885
852884
852887
852886
852889
852888
12932074
54463
826644
12932075
35438
826645
554354
35430
155100
35433
12933076
93436
666430
2539428
12932071
13807
23849
27176
51608
32789
32788
826642
55588
84101
204851
51603
32780
32787
32786
27178
51606
84103
2542488
2542489
821826
821829
2542486
56052
2542480
2542481
2542482
816747
853684
318231
853686
36201
853680
36207
853682
36205
36209
853688
25441
140892
26049
140890
12931112
85329
26048
85327
74120
74123
74122
74125
74126
253558
253559
817293
76952
390531
390535
2543281
2543280
2543283
2538709
641324
39929
39926
2538703
39924
2538701
39922
26043
2538704
2538705
35988
3640070
173837
227656
854489
854488
837808
837809
98267
854483
854482
854481
854480
854487
837801
854485
854484
39694
39695
850908
850909
39690
39691
70719
850902
850903
850900
850901
850906
850907
850904
850905
820739
35981
137886
101831
33072
33071
37559
33077
37554
33078
18854
37552
41231
41230
41232
41235
84058
84059
84056
84057
813577
83589
40181
40183
40185
40186
40187
40188
40189
83585
152195
12931636
735087
815504
3207
3206
3205
3204
84580
3202
3200
12932472
12932473
12932470
12932471
84588
12932474
3208
151254
41589
41587
41586
41585
24655
41583
41581
41580
178924
178927
178926
178929
178928
814395
811146
551
550
553
552
238091
33694
22763
33692
33693
837777
14718
5408
12932386
208104
3769765
837378
837775
854111
208727
837371
76718
837377
837374
837375
175868
12932382
284004
175861
175860
175867
284001
175865
175864
814649
215690
31698
814641
31695
31696
31697
31691
814647
814646
5533
18148
5531
5530
5537
5536
5535
5534
18141
18140
5538
89765
419980
823531
316384
2542099
827095
100806368
12933709
2542098
2542917
12933703
12933702
819374
819375
819372
819373
12933705
819371
31348
31349
31342
31343
31340
31341
31347
2542093
7922386
3768815
830063
830062
812490
830060
2542091
830065
192292
360497
6570
852723
6576
6574
6575
13643
35539
158158
207278
2539899
77683
838450
2539895
2539894
2539896
2539891
2539890
2539893
2539892
812724
842674
815112
314836
815111
53972
812728
173015
173016
173019
811724
360721
13641
361295
231600
12934165
35845
35847
35841
35840
35843
856031
39173
39172
39175
39174
16663
286336
16661
16666
16667
16664
16665
856034
16668
16669
835428
835429
12715
835420
840608
856037
398847
835427
831339
2541392
84878
2539277
2539276
831330
84875
84876
84870
51764
84872
3641025
285829
55224
171856
2541397
12933492
51762
154664
32625
112939
830159
499655
71517
51761
55863
813455
818402
283869
818400
818407
829172
19309
818409
818408
16178
829179
172766
841609
821367
159162
821365
830153
3770126
172769
172768
55229
43518
43516
43517
43514
43515
43511
200172
190032
828582
947086
387914
2542327
100129654
41914
654483
41917
41911
41912
17535
63913
17537
17536
41919
17532
379781
474338
13449
13448
13445
38485
400745
10628
10629
7982
396447
7984
396442
833865
10620
10621
10622
10623
10625
10626
10627
11979
145508
54563
11972
171853
11977
54566
11975
11974
175413
821584
175416
20648
100716985
91373
20641
20643
13199
118924
13193
13191
13197
13196
13194
827405
499382
827406
838610
653240
3707704
122553
3644234
823982
175536
823984
830888
830885
830884
826754
830886
255626
830880
826750
830882
2540083
20399
2540086
2540087
2540084
832420
20393
20392
48421
20390
20397
252939
338045
7324
7325
7326
7327
7320
7321
7322
7323
10084
10085
10087
7328
7329
10082
10083
14791
820189
820188
3354888
820187
820181
820180
79762
68938
12933381
8225
191847
85247
59137
29578
29579
178260
3638571
856747
841607
825360
392307
29577
3636030
176855
176854
395135
395134
176858
841529
395132
15904
15902
15903
15900
15901
8624
8625
8626
3637854
3637853
8621
268996
8623
2655260
399726
110809
2655267
843882
843880
728386
843886
843885
50717
818186
818187
818183
818181
126070
825237
126074
10178782
818188
818189
318990
318992
318996
12932341
159091
829919
829918
37328
178482
54190
9988
9989
9986
9987
9984
9985
9982
216877
829917
178489
126382
11024
2541029
11026
11021
11020
11022
833896
2541022
2541021
192302
2541027
2541026
2541025
2541024
1388
1389
1384
1385
1386
1387
28227
1381
1382
12932608
69104
282682
843266
843265
100271357
64352
66889
16922
3772180
66880
66882
66884
66887
118490
55748
55749
398457
35287
55740
55741
55742
55743
398459
55745
55746
12931079
821449
819143
56213
56212
2542640
56210
2542646
56216
56215
834430
834432
110379
834434
834435
420483
3636810
834439
431707
12930990
12932342
347731
64900
124817
3646180
253714
833891
25236
817727
25135
161582
25130
25235
817721
25319
10189
25139
2540186
668300
817108
56994
10723081
651746
259266
828259
100132057
100689309
842959
3636777
259269
2541852
498545
734208
2541853
499497
129531
260659
817106
2543519
2543518
842216
16341
191021
2543510
2543513
2543515
2543514
2543517
191026
814241
828254
116697
4339215
52024
2541858
116691
116690
105732
2541859
268822
5802723
116698
9616
9617
53371
9615
9612
53376
9610
36959
36956
36957
36954
36955
36952
36953
36950
36951
5047
25638
1814
1815
1816
443893
1810
1811
1812
1813
12932674
12932675
12932677
12932670
1819
12932672
12932673
5046
23423
192232
101929876
12932605
190777
190775
5005
810186
810184
810183
105782
59010
212032
68028
12932604
68024
98932
443765
850292
850293
850290
850291
850296
850297
850295
107508
2540451
850298
850299
59015
851522
851521
851520
851527
2540453
851525
851524
851529
2540452
821446
3320
3321
3323
3324
3885925
3326
3327
3329
92675
90362
234407
824596
171484
77097
20482
2541928
2541929
2541926
2541927
114990
2541925
12934092
2541923
12934090
2541921
56351
824590
842957
299617
850436
850437
850434
3361403
34086
34087
3361406
850431
3361408
3361409
34089
836706
850438
850439
814405
2543057
814403
814402
814401
153642
2543050
814409
836701
812122
812123
185248
185249
66144
825262
812129
66141
132789
168400
10794
830906
100910660
10795
181955
181957
308669
25966
176152
816805
25962
816807
25960
816808
826985
836709
31104
31105
31106
29630
31101
29635
31103
444519
495133
20090
31109
3812
3813
3810
550436
3816
23498
3814
3815
23495
3818
23491
23493
23492
855527
34627
855525
855524
34622
855522
855521
34621
326108
326109
72475
855529
34629
171482
838912
11169
171435
2540391
187070
50055
114896
55262
55260
32668
55266
32664
55269
55268
32660
32661
32662
32663
6169
6168
182739
6161
6160
154743
6165
6164
6167
6166
344387
344382
842466
24617
24612
180398
1466459
180397
180393
181043
181041
12934466
38990
12334
38993
38994
38995
816119
38997
38998
38999
208146
54811
22722
816110
31816
31817
5121
31815
31813
31810
31811
12330
8529
31818
54816
853271
6132
853273
853272
853275
853274
853277
855687
853279
33174
230872
5122
75646
55343
854728
12933971
854726
6136
854724
854725
854722
854720
6137
1466437
2542363
2539669
2542365
6134
2542367
2542366
2542369
2539663
2539660
855681
2539666
2539667
2539665
100037112
4519
856388
856389
856386
856387
856384
856382
856383
856380
4515
85280
12857
12931349
20219
362715
827893
1466419
12931860
64896
12931861
5207
231830
5283
827891
1466435
5284
5287
5286
12931345
172358
116872
172355
172350
10943
3641735
172353
853495
853494
853497
10942
853491
853490
853492
12931341
12931867
853499
853498
12931340
42951
554236
820349
820348
42954
42957
42956
820343
11162
820341
12931342
820347
820345
84629
84628
1466433
84620
84622
9478
84627
421534
101929639
10242
83937
83930
83931
855899
855898
855897
855895
855894
855893
855892
855891
855890
836740
836743
836745
1466432
836748
108857
39712
39717
10247
361202
10244
9473
66566
23022
29087
854186
1466431
12937
41798
180848
9476
41795
33283
7045
266632
7047
7046
7041
7040
7043
7042
854182
16478
7049
7048
854183
297893
1466430
174218
180801
37707
180809
27087
37748
37749
33288
37744
37746
37741
37742
37743
360023
12930401
283248
365057
127281
284217
6240924
6981
223921
12930402
12930405
12930404
14695
14694
14697
812169
361999
14693
12932370
12932373
41427
11009
829510
822252
310615
829282
829285
829284
829287
829286
223227
822259
822258
208198
374768
40449
40448
856814
856815
856812
856813
856810
856811
811332
40443
811331
40444
856818
856819
100002737
14527
14528
844049
829518
207728
38141
76524
38147
38146
398295
38144
38149
38148
84077
407821
407823
819651
819653
819652
819654
11344
11345
11346
11340
828881
11342
43238
174960
43235
174962
43233
174964
43231
43230
823706
823704
5708
5709
823700
19116
5704
5705
5706
5707
5700
5701
5702
245007
835329
835328
838538
245000
835323
364382
69719
320678
811908
60314
60313
60312
69714
376132
364823
235106
834980
192204
834983
69716
830299
81647
830290
69710
830292
830293
830294
830295
2241
855763
811901
81643
283933
43493
821288
43491
43490
43496
43495
43494
821281
811905
43499
2948
12934211
842004
827027
2538959
24192
842001
842002
24338
2538953
2538952
2538951
2538950
2538957
842009
16589
2538954
12696
12695
2944
173601
21341
835589
42549
835587
42547
42544
42545
835583
42543
42540
46040
177734
177736
851110
177732
50227
97064
495002
191559
90594
833981
728411
186213
7827
32920
9221852
12934214
831169
839375
64127
839370
64121
64122
64123
17180
17181
832588
831162
17184
64129
831167
17187
813503
443908
9368
9369
9367
9364
854798
9362
9363
9360
9361
8985
149076
8987
8986
49638
100360950
499022
844047
49636
8989
8988
3645238
818231
818232
818233
818234
818236
818237
829709
821133
821132
821130
406950
821134
41891
32925
821138
41894
41896
851721
851720
851723
851722
851725
851724
851727
851726
851729
164668
2703457
1956
1951
1950
1953
1952
69731
100038725
1959
1958
2703458
3767658
164832
414899
203859
2539630
179070
179071
179073
2539633
176957
176954
851098
176952
176951
178381
851092
851091
447710
851097
851096
851095
176959
1482
844400
58498
1487
1486
844404
844405
54332
58492
1489
58490
58497
58496
58495
58494
179382
175602
175601
175600
175607
171483
175605
175604
20054
306079
179388
179389
433956
48581
48582
48583
282969
843029
12933837
338355
828071
834056
12933833
5721971
828079
12933838
285605
43448
285600
825284
395303
12930450
543729
826542
826541
33825
361509
2796
856858
40856
40857
33826
40852
2874551
40850
40851
14563
29437
29436
29431
4741
40858
40859
89858
12932972
18020
23659
23658
23657
4747
89853
23654
338350
89857
23650
179922
4745
12932004
4744
329421
129563
100715
55640
2540543
33829
2540541
2540540
2540547
55643
2540544
178033
174551
2541494
174553
174554
2541493
35119
174557
35117
72039
35115
35114
35113
35112
35111
35110
421071
78803
55647
32464
55646
32462
32463
32461
3643823
8479
283768
398253
8476
8471
8470
8473
644907
854941
221421
92359
50529
66437
80110
50522
50525
50524
842948
12930519
12930518
189033
12930513
842940
12930511
12930510
100040109
100360342
842947
2655203
816358
227867
818042
832003
816350
816353
2542746
24179
818040
830307
26457
26451
425003
677776
420078
733335
98386
144717
75406
12930906
303831
34477
2542569
2542568
2542567
2542566
2542564
2542563
727837
2542561
2542560
114711
114712
114714
12930902
114716
2182
419783
2180
672572
840895
840897
12932018
827738
293497
3497
3494
25380
208117
3493
3490
3491
2091
13660
2099
2098
817089
171739
431608
817087
286436
35706
19982
9783
221687
50485
843791
814321
50487
402055
843973
293142
228836
4328383
817555
817556
817557
817553
534799
817558
309774
11308
828849
51062
101513
337867
93700
188802
810680
830701
824786
810689
830706
188228
20933
20932
20937
80208
20935
23597
12933192
12933193
12933190
194227
233890
12933197
12933194
191611
12933198
12933199
11303
58800
18611
233893
58805
33409
33408
33406
446833
33404
33402
33401
2540954
2540956
2540957
2540950
2540951
2540952
27681
380576
2540958
2540959
54711
841309
853828
853829
9001
853824
853825
853826
853827
853820
853821
853822
853823
37235
37237
37230
37232
37233
12932682
80013
37238
37239
51573
12932829
341333
181502
12932825
12932827
12932826
12932821
55052
12932823
12932822
822011
822012
822017
340205
57216
41988
146822
340204
180923
12930234
298771
180929
1961
