4841
4842
2038
94059
202333
108989
13010
398110
72900
14163
827710
3486
3710
14165
14164
444759
440138
400916
26253
5026
827713
2539699
91624
4939
33937
37297
33935
33934
37292
37293
37290
33930
851952
851953
851950
851951
851956
851957
33939
851955
38055
38056
38059
837294
837296
837291
837290
837293
837292
36163
34928
70726
12933647
813350
34924
34927
834730
12933644
12931046
40001
40000
40003
40002
40005
12933131
56431
12933133
40009
40008
397545
12933138
12933139
2768992
433766
12933640
182816
182817
2768999
147808
834738
819211
819210
326219
819215
819217
855018
855017
855016
855015
855014
855013
855012
855011
855010
853888
853889
641977
386672
853882
853880
853881
853886
853887
853884
853885
812538
812534
812531
6451
6450
6453
6452
6455
6457
6456
173244
12932389
102724631
68755
89978
360533
830029
71740
835631
835632
170572
170577
170574
170575
831521
831522
831525
831524
653509
493146
184309
839739
39098
39099
39097
39094
39095
39092
39093
39090
39091
32970
180419
851105
180413
180410
2539795
181426
180414
245886
373726
51435
100504617
373722
245880
41571
32975
2539352
2539353
2539350
2539351
2539356
51430
2539354
2539355
831293
20616
2539358
818673
831297
831295
831294
43721
4063
43723
4061
43725
43724
43727
43726
69260
43728
4068
4069
172597
14236
854825
854824
854827
854826
854821
854820
854822
213109
421202
854829
854828
12930372
813374
818583
818580
818581
818587
818584
386675
12930254
353288
818588
818589
813379
424895
172625
397742
397743
839195
852379
852378
852377
852376
852375
852374
852373
852372
852371
852370
825036
825032
67112
825030
819408
225020
825039
186604
225055
494499
38876
17451
38873
38872
38871
38870
67118
38879
38878
100039870
100039875
13347
13345
427272
81930
40908
386678
12931321
362361
827054
362368
819987
819986
42091
42092
42093
42094
42095
42097
42098
830765
12932781
48632
824636
824632
827055
79712
828126
817642
828120
12931327
3640419
163071
44736
642475
6334
6337
6330
6331
2542715
6338
6339
398032
2540100
2540107
2540106
2540105
179569
58959
41013
2540108
41014
362587
10109
10105
10107
10106
10101
838947
10103
10102
835997
835990
835991
835993
121457
415491
176628
23047
12931324
176623
11854
176625
176626
11857
832618
815071
12930289
59093
66510
365751
174662
174663
174661
174666
388697
174664
388695
838949
388698
840310
100340945
125208
399539
2539437
2539436
2539434
84232
363188
84230
84231
1667
1666
1665
418251
1663
1662
380375
1660
243833
113451
100009196
830134
5414
830457
830454
830452
5411
830450
28035
839715
735098
830459
812260
400499
31309
174081
100009225
174089
192285
192286
826093
254896
380340
12930153
12930152
12930151
12930150
12930157
12930156
12930155
311913
12930159
12930158
12934272
12933180
12931685
12931686
12931687
339
338
335
334
337
336
331
330
333
332
834229
319162
319160
834225
834224
834227
853564
398374
12930488
827439
51340
51341
12930483
51343
12930485
12930484
12930487
51347
819156
316740
819152
819153
819150
819151
149986
817118
25309
817114
854595
25303
817111
25301
37757
828948
174124
828940
828942
828945
31205
214597
55972
828979
348235
823547
3885693
29114
92822
311346
100379087
31200
12930489
85294
386575
297428
446701
835177
835174
842418
16195
842414
16190
55979
842411
16193
54538
66412
293502
54539
12930361
56378
12934274
12931358
309331
10938
10939
64881
64880
10934
10935
12931350
12931351
10930
12931357
56376
10933
2543478
2543479
9448
2543472
9446
9445
9444
9443
9442
9441
9440
150726
810468
54531
16443
16440
810466
255189
269424
443607
29757
34528
2539359
54534
54535
81653
81651
81650
81657
54536
81655
307429
8233
22931
22930
49228
22932
22934
22937
22936
21372
22938
21376
21374
159296
844719
94056
56954
56955
56956
56957
56950
839501
56952
855221
34527
192509
192508
192507
192506
855223
290851
71900
100366048
71902
52705
17714
17717
17716
17711
70408
2542294
360213
17719
12931422
190617
7444
445438
174712
12930973
12930972
12930975
44920
12930977
60611
12930979
12930978
12931728
12931425
841298
12931426
12931427
9119
54700
54707
54705
54704
380031
101954266
54709
37905
37902
824769
37901
27436
27434
27433
91107
20423
27430
2703416
12931720
27439
853830
12933448
836856
67062
12933444
12933445
12933446
186156
67068
12933441
12933442
841314
836675
811519
3890470
68944
68943
147791
434246
836671
100130302
196513
106572
836673
37843
850559
850558
841872
495227
67397
841876
850551
850550
850553
850552
850555
850554
850557
850556
29028
219972
834143
79676
79677
79675
79672
12282
79670
79671
100287559
727851
12283
729873
55328
79679
100361067
182611
855318
855319
855314
855315
855316
855317
855310
855311
855312
855313
26747
947811
305332
840989
26748
26749
180659
50289
2539763
180652
180653
50286
50287
50285
34767
12932787
259287
34763
34762
34761
835231
34769
34768
838865
67938
851206
851207
851204
50133
851202
851203
851200
851201
615043
851208
851209
818447
188792
24420
24423
12933598
24426
182494
35116
574402
852579
852578
852575
852574
852577
852576
852571
326246
852573
852572
856669
856668
856665
856664
856667
856660
856663
856662
174841
3973
8840
3975
3977
3976
3978
12931095
821328
817409
3634890
208043
35417
35414
13990
35410
35411
12931091
822023
35418
35419
824137
199953
230917
821323
51663
55561
51661
51660
51667
55565
51665
55567
55568
51669
51668
2655237
2542462
2542463
2542460
2542461
2542466
2542467
2542464
2542465
246515
2542468
2542469
100113393
2538879
12932231
36264
4478
36266
36260
36262
36263
36268
36269
186971
25469
74143
85300
85302
85305
74144
74148
12932232
827445
266601
135656
139170
41259
820494
5345
41253
827441
41250
41256
41254
2538720
36193
36190
1026
36196
2538725
36194
36195
2538728
5340
36199
5341
836199
3416
814738
641340
836190
836195
836196
173858
173859
21354
837821
8530
173854
850961
850962
850963
850964
850966
850967
850968
850969
5349
854036
836441
836440
854037
645811
33014
33015
33016
33017
33011
841234
33013
810605
33018
71242
71241
854033
854030
12932188
12932189
12932186
12932187
12932184
12932185
12932183
12932180
12932181
2542871
79862
831870
21357
79861
71409
138162
79867
100506898
68203
79866
3639263
79865
81515
373918
307585
12932454
12932455
12932456
12932457
12932450
12932451
12932452
12932453
435963
12932458
12932459
40610
579
40613
178943
178942
40616
40617
573
572
571
570
577
576
575
18294
18293
4360
688509
13489
837313
813945
690244
837318
12932375
813949
813948
4868
14735
175840
175843
38799
172817
175844
172815
38792
38793
38791
38796
38797
38794
38795
843469
843129
171546
192159
843125
70508
843121
843122
855923
5557
18120
5551
18126
5553
5552
322338
18129
18128
4860
33909
38240
38241
38242
2016
38244
38246
38248
38249
823555
823553
37867
823551
855926
43325
819396
2013
819392
856754
30095
843463
442038
834750
834753
834752
31328
31329
12932929
834756
31975
31326
361258
31320
31321
31322
5883
5881
5880
5887
5886
5885
5884
830049
14105
5889
5888
6554
6555
6550
14107
6553
838694
838695
14106
6558
6559
841432
842597
820142
16017
2539839
12934067
11078
317576
812709
9452
108960
842654
108961
842650
842653
173038
173033
39116
39115
39114
39119
39118
842386
842385
842383
842381
842380
556837
292925
406618
842388
56676
42449
835409
42447
42446
42445
42444
42443
835400
835401
2539257
2539256
249072
2539252
831318
84851
831316
831314
852990
831312
284716
2539259
2539258
832758
64718
843407
64714
832756
64710
824790
112406
3637806
10384
2703361
833803
833804
100616101
176128
236576
283848
3637327
176120
818429
4633
829159
824796
4632
818421
829157
829156
818425
818427
821308
821309
856284
225160
824799
856283
69091
168451
175454
4636
646875
190054
4635
855932
4634
172529
506900
829484
829483
829482
829480
232975
3703892
829489
2542223
41938
41939
41936
41937
41935
41932
41930
41931
10602
10603
10600
10606
10607
50944
10608
10609
4099
668173
828400
54549
11958
176788
54545
176786
54546
176783
54540
54543
54542
102606284
112407
3635237
10599
379234
4026
179153
7768
179151
175473
175475
175476
179154
827464
827463
827462
11749
843524
828681
231332
830861
830866
830865
285051
54093
176872
54097
176874
15526
175783
175781
175786
175785
175788
175789
118424
297566
828357
252919
828353
54848
51131
320191
820163
820162
827793
827792
827795
843526
820165
840472
820168
840471
398425
824376
51134
79048
2540712
2540713
834248
2540711
2540716
2540717
2540714
59114
2540718
2540719
290659
29550
51138
502374
29555
29559
826798
174789
174788
3648318
831443
178201
174782
174785
174786
832274
446341
384569
123624
826793
27973
333433
844361
307200
174431
174430
110826
174436
2655240
2542951
844367
174438
2655248
830847
830846
66603
12930724
12930726
9415
8398
8399
12930722
12930723
8394
8395
8396
12930729
189203
216810
12933119
829978
829971
829970
2541041
2541042
2541045
2541044
2541047
2541046
1366
12933112
1364
1365
1362
1363
353513
1361
817341
28200
1368
817340
20874
127018
824861
318604
285362
12933222
816475
816477
816471
816473
843244
26379
56692
26374
26373
843248
26371
26370
818048
36318
36319
55762
55763
55760
55761
51069
51068
55764
32528
51065
220164
51067
32524
32523
32522
32521
32520
2542660
2542661
2542662
2542663
2542664
2542665
2542666
2542667
2542668
2542669
827269
56233
110310
834417
834414
834412
282335
834411
153743
834419
57728
23362
57720
57721
57722
57724
57727
306636
253738
12930342
23366
1466246
812308
812309
100365196
817708
668361
817705
817707
25113
817702
117096
5802861
841248
192187
161291
100037092
205717
829722
2444
832697
309696
100039163
362815
283385
57188
57189
2543539
2543538
2543537
57185
57186
57187
57180
57181
57182
2543530
193034
832694
826965
362816
389840
826967
389842
49140
53354
53356
53353
53358
9638
9639
187537
187530
187532
9630
9631
9632
9635
9636
9637
852012
58985
100873832
37009
855298
37007
37006
37005
37004
12933905
37002
12932616
12932617
12932614
12932615
12932612
12932613
79646
12932611
12933390
107939
12932618
12932619
841486
841483
12930958
3772376
852018
100358690
855292
12931548
12932661
643382
346288
819233
833622
177540
819232
211134
811419
814424
811411
2543170
814420
29539
851509
851508
3885942
819235
3885940
83856
851501
851500
851503
851502
851505
851504
851507
851506
56125
83854
79044
3340
3346
3347
3344
8625716
4340041
2543179
9189
12931678
3768908
4259
307474
2541907
2541900
361014
31128
31129
31126
31127
4253
2541908
4254
31120
31121
832451
403649
317835
3639930
3361466
648791
3361462
3361460
3361461
3361468
171350
839699
12932759
67211
837953
643677
12933291
12932660
67219
186725
66164
330627
66162
66163
185264
825246
825248
185268
169270
812140
12933290
74400
816867
816864
816863
816861
173969
42148
25949
25948
644378
29613
56128
25941
156726
5740629
25942
25945
25946
3835
23475
23474
23473
3831
3832
3833
12933399
820713
3838
3839
23479
23478
225896
811329
225895
617095
72416
72415
173961
286151
1347
225898
3772462
177253
177250
813931
855509
855508
177254
855505
42146
855507
855506
855501
855500
855503
855502
50075
35336
35335
12933295
35333
50070
50073
35330
176195
6655
35339
59288
32646
55244
55247
32645
171949
32640
32641
171944
171947
55249
55248
32648
171943
6143
6142
6141
6147
6146
189563
6144
35064
77591
77593
833607
442829
431821
211922
181020
181022
735075
5740271
181029
12932922
376940
816134
816137
816136
22702
816133
816132
182286
12931000
10509
10807
77626
184611
77629
184613
12931007
853217
853216
853214
853213
853212
853210
853219
853218
42933
42931
42930
42937
42936
42935
42934
2539640
38421
2539642
2542344
38424
2539645
2542341
2542340
38428
2539649
75665
3150
2542349
2542348
856364
856365
856366
856367
856360
856361
856362
4534
4535
4536
856368
856369
2543542
10507
362738
2543540
821030
33198
57110
122772
854298
1466438
854296
33190
854294
854295
854292
33194
854290
33196
172372
172373
172370
172371
172376
172374
172375
176220
64591
21416
36017
36015
36014
36013
79041
36010
36019
36018
820363
820364
820367
820366
820369
84643
84641
84640
84647
84645
84649
84648
835618
36997
221710
39773
39772
39771
39770
39777
39776
39775
39774
613724
839455
812939
821545
8858
812935
812934
41770
41771
41772
41773
172992
41775
41776
12953
41778
311545
229949
147409
12934548
838223
12932257
831937
240283
259801
2745575
174233
820986
820981
174234
7069
7068
7067
174238
7064
820989
7062
7060
33226
33225
33224
37762
37763
18626
33220
18628
822547
12932251
779086
779085
37769
15450
12483
15452
237860
283267
15458
76500
12488
237868
8153
76507
40795
40794
40796
40791
40790
40793
40792
831683
831684
40798
831687
12934303
3647687
100328572
287942
319713
217303
832217
819581
819580
819583
2541066
40421
40420
811355
811357
811358
856522
40429
40428
397890
822277
856523
230075
199223
856520
38165
38164
38167
26828
38161
38160
818989
171347
38169
38168
770103
819639
819637
318193
819633
819632
43210
43212
431959
43214
43217
43216
174907
174901
174900
406130
11364
100506020
11363
835301
835300
19179
835305
836381
19173
19172
832213
170261
19177
19175
60331
839682
839684
812511
832658
839687
94221
843051
94223
116437
832650
820070
828534
828536
828537
828531
8674055
8674056
828539
837193
19280
12932754
19285
837190
53970
21982
2297
838088
838087
838086
838080
150572
852836
100039762
60489
60488
60487
839353
60485
64105
839356
60482
64100
64101
2538931
2538930
2538933
2538932
2538935
2538934
2538936
2538939
400720
148327
12931001
842029
46066
46069
46068
80777
80776
842024
80774
222
12931946
3346176
3639482
191537
821113
821112
821115
43770
945190
191538
820229
84496
16835
19826
19821
19820
19823
19822
7844
7846
7841
7840
101256499
2539159
3637282
654231
828801
852907
4342017
852908
831107
831100
95681
9341
9342
9343
9344
2874843
9349
90060
841640
100042150
841646
841645
2539151
178873
54978
818217
855768
818212
40546
353332
54970
54971
54972
54973
54974
54976
54977
829728
829729
300218
839311
2655037
48309
829726
829727
851747
851746
851745
851744
851743
851742
851741
26958
26955
192658
26953
26952
26951
851748
12932792
1979
1978
1977
1975
1974
1973
20479
179059
179054
179055
179052
179053
179051
44359
447734
2848
2849
2846
4004
2844
2845
44355
2843
2840
2841
12934068
112849
54354
4007
54350
3565793
112840
54353
256380
55704
79029
55705
79027
79026
79025
79024
79023
55706
79020
175629
175628
252892
55707
2542892
12933819
175621
55700
12933814
12933813
1466454
12933811
51082
140580
51081
288516
178012
178014
12934066
3354863
14469
19428
12729
106393
826569
2540697
170833
2540695
2540694
2540692
2540691
2540690
100157072
363858
2539484
2540699
2540698
2539485
1466456
67763
67760
23671
23670
23673
850421
5139
23677
126248
66416
23678
66414
5138
188360
66413
188362
84292
5137
150962
5136
12930391
51451
12930393
12930392
51454
830977
12930396
2540521
2540520
2540523
5134
2540525
2540524
3772666
2540526
2540528
59307
12346
175757
5132
174576
35130
35132
35135
35134
174571
35139
35138
5130
174578
32481
32482
32483
179472
503679
32487
32488
503676
503675
179473
74734
503670
65992
65993
65990
8454
8453
2542608
8451
8450
65999
828302
79731
283748
8458
92335
287765
115861
441509
221409
91445
12931943
35688
35687
35686
35685
35684
35683
221400
35681
35680
31566
12934060
842928
842926
834555
842921
12934149
3361385
832340
246497
832341
259671
811589
189017
832342
843855
12931448
12931449
13854
53321
12931442
56681
12931440
56683
12931446
52906
12931445
386676
35045
500666
397724
25639
843859
25637
25636
25632
25631
25630
114659
84298
2540863
24948
24949
35041
665381
9407128
24943
2542585
53328
2542587
2542582
228913
75465
825015
84299
841147
114730
830646
830645
445007
297113
35528
19835899
100754276
5600
196913
854058
854059
3361381
854055
854056
854057
854050
854051
854052
854053
81602
25097
12934146
201627
201626
2543188
2543189
2543183
2543181
2543187
9922
12934147
55808
58822
837162
105504
837164
222194
134957
185810
817578
398044
36569
828043
36565
36564
36563
36562
36561
817575
11928
63899
63898
499903
63894
63897
63891
823605
63893
63892
12932807
12932806
12932805
398049
20911
20910
20913
20912
14670
79716
12932809
12932808
5988
844080
844081
100363904
199990
56878
432095
33421
33423
33424
18424
33426
108907
269593
17472
71617
855097
855096
855095
855094
855093
855092
855091
855090
380559
855099
17475
853802
853803
853800
853801
853806
853807
853804
853805
12933578
853808
853809
12932887
100499220
171337
78038
37218
37216
37217
37214
37215
653857
822074
822072
12930605
12933570
3885764
229615
822079
822078
39368
39369
34902
91252
39360
288753
39364
39365
39366
180949
12934405
12934404
12934407
12934406
12934401
44160
12934403
180947
189849
724102
68251
182892
7922538
189846
189844
68259
80221
177345
184389
183767
856544
856545
856546
856547
856540
856541
856543
4354
4355
4356
4357
4350
4351
4352
4353
66826
38145
234219
234214
170063
837544
9496
23708
172513
852049
852048
172515
177591
852044
172518
852046
852041
852042
23704
300955
287436
66824
838249
838243
91526
838247
91522
91523
180236
6424
180235
180233
839111
839112
839115
839116
839117
810854
185036
544963
837804
628060
181722
181721
181727
90525
813662
813661
819127
374195
374193
3772349
817965
20168
819903
817966
819904
819909
43944
269614
43946
12931077
43943
102724023
853398
853399
27013
398652
853392
853393
853390
853391
853396
853397
853394
853395
75725
836292
2539982
284184
441024
42015
326179
855778
855779
177046
177045
855772
855773
855770
177048
855776
855774
855775
853025
853026
853027
853020
853022
853023
404220
39392
853028
853029
733351
100101273
173748
173749
813084
813085
813082
813083
813080
813081
173740
81606
173744
173747
6241216
83758
828144
836351
836350
836357
836356
820082
85492
495318
836359
12933322
820088
57808
811171
835918
83888
835915
835916
835917
100008997
78658
281296
447212
619846
17836
149069
83873
12933328
184809
45249
184803
45247
12933649
44118
827368
827369
827364
44111
44110
44117
44115
827363
854555
854554
854557
854556
854551
854550
854553
854552
854559
830989
3885719
41091
41090
830923
839805
41095
41094
41097
813746
138428
138429
839809
838143
70208
388552
830920
18984
2541638
2541639
18983
2541632
2541633
2541630
779325
2541636
2541637
2541635
837400
178777
837402
837403
5498
5499
5494
5495
5496
14201
5493
175355
300158
175359
246176
246177
246175
36606
83892
83891
36602
36603
146540
83894
83899
830926
97122
80749
818877
41635
41634
41636
41633
823067
300923
41639
41638
8242
417541
835526
40321
40323
40325
40326
40327
29927
29926
29925
29924
83765
29922
83767
83766
818827
818821
818829
818828
503073
175975
8290
175977
175976
8295
175970
175973
175972
316123
256714
318878
831769
831766
831765
318874
203562
39020
2540124
174006
620659
844228
174000
2542038
29660
398080
56449
26894
398088
29663
56447
778141
1497087
2540122
2542037
26893
7566
7567
7564
39028
44801
12931609
12931604
56442
12931606
29667
22908
10129
7568
56443
56440
2542032
825789
841751
19329
292051
3640140
117197
19324
19325
2539947
2539945
2539944
2539943
2539942
2539941
2539940
2543348
100137657
9658
2539949
2539948
9659
64807
64806
69837
64803
64802
64801
64800
853473
844728
2543346
2543347
2543340
3890462
46187
836011
841627
2543342
822406
56287
3645922
43000
100039355
43002
43003
43004
43005
43006
43007
43008
192054
192056
2235
843547
2237
5937
5936
5935
5934
5933
5932
5931
5930
2541990
201514
5939
201516
844790
401285
42799
12023
55188
286262
414153
414157
832447
832446
3639009
117515
832440
11666
148281
224
238871
223
8617642
11669
117512
55182
221
117510
91966
811906
813809
64379
415202
108837
64371
64373
50905
64375
64374
64377
64376
100132979
42753
42752
826848
42750
46234
42756
190560
100524333
42759
42758
2869918
850627
850626
850625
850624
850623
850621
850620
838306
824579
850628
495115
216618
841561
12933587
825783
12933586
728833
12317
12314
12315
283971
12313
176099
176097
54834
176095
176094
176093
54830
176091
54832
2540222
2540223
2540220
2540221
2540226
2540227
2540224
851337
12933992
179246
179245
2540229
179243
851334
12933994
179240
368201
851335
53438
53439
494115
10224
53435
53436
53437
10220
53431
53432
35387
49847
35384
80912
818010
35385
2543551
176548
149628
851999
255374
44835
176543
54780
112476
54785
176546
105988
58869
44830
115123
819088
44831
50202
827306
50206
827000
50205
814851
50208
50209
12934174
12934177
827305
12934171
12934170
12934173
12934172
66335
12934179
595136
18642
79180
79183
79184
29800
79187
79188
64418
843811
1644
18643
285193
5732
2541570
2541573
2541572
2541575
2541574
851289
851286
2541578
851284
851285
851282
851280
851281
533307
18640
2539251
34451
34453
175015
175012
175010
844231
34458
844233
446456
175018
843954
73139
843956
843951
843950
2539250
843959
197342
93765
66591
66590
93760
93761
93762
12932060
66599
443729
55072
181520
55070
55071
51559
181524
55074
55075
32857
181528
32855
32854
32853
51550
32851
32850
12930214
12930215
12930216
225998
12930210
12930212
12930213
374354
2539415
189736
305227
189730
3361360
189733
35498
35496
35494
2539416
35492
35490
35491
93492
23821
23825
815815
23827
65164
27111
27113
27115
70928
181292
181291
830166
41039
818510
22196
22195
22194
22193
22192
22190
853623
853620
853621
853626
853624
853625
853628
853629
5229
425619
55696
55697
55695
55692
55693
55690
55691
55698
55699
2539975
5228
2542170
403011
2542172
2542173
2542174
2542175
2542176
2542177
2542178
2542179
56527
56526
56521
56522
39948
836110
292156
57698
836114
2543229
2543228
39940
2543226
57696
39943
39944
2543222
57692
2543220
32148
29943
32141
32140
32143
32142
32145
32144
308392
32146
227634
234023
816545
816546
816549
227638
3771927
26240
827831
100328924
37932
26248
57348
400682
33967
57342
57343
57341
57344
854392
854391
854390
854397
854396
854395
854394
37537
37536
854399
37534
37532
5406
190302
79966
2542795
2542796
12932105
2542790
2542791
79960
2542793
84033
84034
2542799
79968
79969
2173
2170
2171
2176
2177
112405
2175
4967
2178
820723
28018
820722
28019
345643
14048
14049
182179
283951
3265
3267
3266
837646
3268
837642
837643
286676
68572
297994
29923
2540781
56143
440275
735079
106042
70779
167359
53841
185991
3641370
70772
37393
37392
841942
32623
37397
37395
37399
37398
18211
38923
18213
18212
38713
38710
38922
38716
38717
38714
12932396
2703399
38718
38719
12932395
22798
12932394
34848
34846
34847
34844
34845
34842
172896
172895
12932392
40122
40120
40121
40126
837763
40124
22794
83563
40128
40129
10894
375298
281439
147166
6886
6887
6884
6885
6882
6883
6880
6881
103135
103136
6888
35526
855118
855119
819318
377630
402569
856026
855112
855113
855110
819317
855116
855117
855114
855115
40698
40699
31864
814339
814338
40690
40691
40692
40693
40694
40695
40696
40697
80139
51087
843575
856020
70024
90809
37897
388015
3696
77864
10773
39445
39444
5740318
39441
39440
39443
176331
31869
31638
31639
57423
2542087
31632
31630
838168
401145
838162
838163
815890
838161
177942
177940
177948
2541389
51084
35827
35825
35824
35822
692089
35820
39193
692086
39191
692084
20720
811782
39195
39194
295401
12934238
12934239
12934236
80135
12934234
51083
12934232
12934233
12934230
12934231
374654
373601
373600
374650
374659
813789
813788
836299
813780
131566
70025
4149
4148
442253
51752
4145
4144
4147
4146
4141
4140
4143
4142
812783
815176
815177
812784
54217
177366
813431
33736
51755
830045
12932947
11820
172703
841463
852238
852239
172704
852233
852230
852231
852236
852237
852234
852235
43578
825374
825376
825370
246744
43570
43571
43572
43573
43575
43576
43577
19652
19653
19650
19651
19656
830124
19654
19655
5967
474928
832137
832136
832135
440044
832415
100289678
832138
244416
13429
38616
13427
13426
13424
829556
397557
254225
254228
839441
235661
173079
34673
56986
829334
124454
30428
56768
824776
824777
824775
654790
824779
81909
20620
828602
83447
817402
56980
85021
820475
83442
820477
85027
85028
820478
80059
64116
6076
42228
42221
42226
6079
2540020
2540023
2540024
2540025
2540026
2540027
2540028
2540029
83449
396206
7347
836254
7345
7342
7343
836250
7341
10026
110109
10024
10025
10022
10023
7348
10021
176707
183836
176703
176702
378897
378893
152185
176709
35310
843382
236312
70432
2540798
2540799
70435
2540792
2540793
2540790
2540791
2540796
34706
2540794
2540795
224671
174700
820297
174702
820290
174706
109674
2768679
820299
820298
948691
948695
285268
399473
395155
2539774
2539775
2539770
2539771
2539772
2539773
823926
826735
84379
2539778
823923
826733
29880
29881
29882
29883
29885
29886
29887
29888
29889
176536
100169766
11690
426488
2541778
2541776
2541774
2541773
2541772
2541771
2541770
1050
1051
5355
1053
1054
5352
5351
5350
1058
1059
856816
5359
5358
179737
179736
179734
172283
172281
313564
100760956
169166
179739
179738
176538
36813
440423
12932936
11047
11046
11045
11044
11043
212392
11041
11040
421281
300889
300880
131965
283575
8648
8649
8646
8647
8644
8645
8642
8643
8641
361846
361844
110648
114548
64342
361849
12933664
66863
821061
118437
66860
66867
118430
66865
149041
300772
832968
81566
816849
318935
145483
172582
2540198
829702
2540199
541040
834492
266688
729540
41809
266686
816847
12537
12534
29752
76205
12531
214498
828263
296076
12539
504336
2540194
817218
282173
16098
117018
117016
117017
2540197
842516
2541823
12932788
817214
2540277
40938
851914
830154
6718
2541821
3637164
10879
10878
12931019
12931018
3642643
397968
3354992
12931017
12931016
10875
10874
10877
12931012
100169764
16324
187826
16322
187825
16329
16328
431804
835728
835727
835725
835724
2541829
835721
835720
7354429
432334
2541828
100039258
307505
307503
69663
1876
1877
1874
1875
1870
1871
3642556
305614
99571
1879
170954
43633
57105
57106
43630
43637
43635
57103
43639
57109
75691
190715
6715
2745869
98999
68047
838877
68045
25613
394317
68041
68040
12930834
12930835
12930836
12930837
12930833
12930838
12930839
36938
36939
36930
36932
36933
36936
36937
840208
54664
840201
840202
54667
840204
54662
54663
20544
20540
20541
824589
170958
303518
353155
841552
357
850856
12933569
92667
6617
12933566
12933565
855829
12933563
92840
12933561
12933560
851857
851856
851855
354
80311
851852
851851
851850
2541625
170959
148741
80319
80318
851859
851858
824586
824581
100035767
7503
345930
814180
824580
850454
850455
850456
850457
850450
850451
850452
177231
850673
850458
850459
379874
57817
34251
57815
67299
67298
67296
67295
12932783
67291
57819
851581
851580
851583
851582
851585
851584
851587
851589
852143
2540333
72148
669
668
667
666
665
664
663
662
661
660
30839
30838
3772175
9235
34392
34393
34396
30836
34394
30834
29691
680423
29693
12934030
12934031
12934032
78100
12934034
2541989
78798
12934037
2541984
2541985
495124
853237
2541982
2541983
79449
34642
34644
12932786
34648
79443
79442
144108
79444
79447
79446
67872
67871
67870
67877
2541143
67878
31771
54801
851325
180040
851327
851326
187017
180044
851323
851322
180049
851329
851328
18089
23161
23160
23163
23162
23165
23164
23167
23166
188694
23168
182759
109652
29095
34057
309912
495049
34056
77519
824801
842470
228998
320118
24672
24673
24674
24675
29094
24679
151278
84182
844005
844000
680039
227231
28126
299850
852742
852743
852740
852741
852746
852747
38934
22789
22787
852748
852749
22780
22781
856052
35512
856050
31873
31874
856057
856054
31877
31879
856058
856059
114028
93517
815997
23787
23786
23780
562140
23789
23788
130497
1466447
27095
27097
27096
1833
27090
181319
181316
51747
181312
51741
51742
31074
841881
26873
56776
56771
25782
42778
25780
80352
25789
25788
183807
9164977
9164976
140735
9164974
140733
140732
9164971
9164970
836218
2768661
140739
140738
27321
10959
27327
27324
200315
200316
27328
200312
31481
31480
35902
1466411
836094
836095
12931870
836091
836092
36098
185569
12931877
25252
36093
817267
36091
12931876
152110
64866
16145
19834908
12931874
10957
35908
854748
854749
843998
854744
854745
854746
10955
854740
854741
854742
854743
855838
850849
850848
850847
850846
855837
855836
855831
855830
850841
855832
4349237
221322
2543078
2543079
2543076
2543077
2543075
2543072
2543070
2543071
33111
33110
33112
33114
33117
441315
71326
221823
84179
84174
84176
84171
84173
84172
313494
3637270
337972
110876
33290
33291
820909
820908
180865
180864
180868
820901
3547
373818
3543
33295
3549
74244
12932317
41443
12932315
12932314
41446
12932312
12932311
41445
3077460
41448
12932319
12932318
318886
768
40719
40718
40715
40714
40717
40716
40711
767
40713
40712
12930477
71586
49816
36221
12931846
38696
38695
38694
38693
38692
837059
837058
318881
837053
837052
837051
38698
12932307
626347
172917
172915
18534
172910
172911
856876
856877
856870
12932302
856873
814103
77980
843000
856879
843005
843004
6241019
18008
33806
33805
33804
18004
18005
33809
33808
18000
14580
18002
14582
76580
398238
360650
397085
26532
284273
18536
12933042
12933043
12933044
284276
12933046
31409
828821
828826
834659
828824
828825
171751
31405
31404
31407
31406
823766
830729
5768
12931842
830724
26795
5764
823768
5763
770
15186
19041
15184
15185
15182
15183
379881
492305
838552
838557
838555
379888
819509
140456
4342542
12930991
314910
432159
2258
2257
812621
812620
812622
842754
81633
842756
2541314
15239
360622
307446
192218
2978
81634
407842
407840
39258
39259
174980
39254
39255
39257
39250
39251
39252
174988
16520
16525
55751
292804
42528
42529
12633
12632
398909
42520
42521
42522
173668
42524
42525
42526
42527
822415
84952
84951
2971
831459
177756
84955
184411
831455
851101
831457
177758
842845
184419
839608
128061
180522
187635
180520
180521
839601
2975
5806
180529
396509
219738
2541381
319804
174134
35779
396504
813576
831186
831185
831184
831183
12189
3637201
12181
12180
829058
829059
821265
829054
829056
821268
498798
43439
43438
43435
43434
43437
43431
43433
135250
79981
42389
21787
42385
42386
42387
42380
42382
21780
281987
554226
818298
818299
17698
818294
818295
818292
818293
818291
821191
12931227
41879
172134
821194
231637
172137
41873
41872
41871
41870
41876
41875
230594
230597
79158
833962
833961
404710
230598
833969
114899
94039
54468
54469
54466
190265
54464
54465
54462
56938
54460
54461
20787
20788
827853
12931385
60581
844397
38402
128653
816017
34545
843330
810602
837933
100043283
843333
837937
14912
38406
14917
56937
824923
256309
824921
824920
56934
824925
256302
56935
209416
828013
814974
828016
828019
11607
23036
399413
11606
172420
35771
79987
827695
827690
814175
22793
41125
41124
41126
41121
41120
41122
1793
1791
3634983
1797
1796
1795
1794
384198
2540619
2540618
2540617
2540616
810607
2540614
2540613
2540612
2540611
2540610
40830
40831
40832
40833
178363
40835
178361
856848
29457
40839
220064
18011
18010
3565712
176932
288353
33833
179944
179945
179941
179942
179943
18014
179948
179949
123745
231876
14579
64149
18019
100342572
178090
493856
2655362
2655363
178098
363083
2655369
68475
215280
55656
33839
817338
284131
55655
9843
9842
9841
257160
9847
9846
9844
221547
829833
257169
829831
829836
170484
829834
829835
55659
398224
302855
854955
100134934
51330
1241
1244
834680
887373
406797
833744
496326
832072
816339
816338
2542751
75352
816330
816337
816334
832071
381677
26430
26431
26432
26433
26434
832077
2541258
2541259
2541250
2541251
2541252
852464
2541254
2541255
2541257
32408
32409
398573
56304
32400
32402
32406
32407
12931198
92912
832079
2542509
2542508
780741
2542505
2542504
2542507
12931193
56172
12931195
2542503
2542502
834356
834351
834350
834353
944761
110052
51234
25390
51236
51237
51230
51231
382090
51233
104324
51239
34465
16205
817180
12930579
12930578
172311
12930575
12930574
12930577
12930576
12930571
12930570
12930573
12930572
12931228
12931229
12931226
814412
12931224
12931225
828855
12931220
12931221
817068
817069
25019
12930919
301035
25012
12930918
25017
817066
828852
820307
828851
340156
340152
9790
855122
843903
100134938
348303
644591
3771905
153562
64460
2541556
64462
64465
64466
188869
2543678
2543679
340481
2565
2543674
2543675
2543676
31473
2543670
2543671
668192
188864
210108
834847
399512
387316
2541555
825142
294429
446351
825143
23569
193740
3386
51561
828883
84665
191677
191670
36878
841058
2653
36874
2651
36876
36871
107568
18609
221938
93736
221935
221937
8618592
12932559
23566
831648
3642456
810593
12932552
12932555
3642452
12932557
23560
666835
227197
346653
18600
9061
9060
9063
12930700
9064
9066
9069
14387
855125
18607
24050
24051
24052
24053
24055
24056
834843
285527
12931528
2539661
22849
22848
389119
12932888
855124
22844
22847
22846
22841
341359
22843
12932880
823751
834842
2768929
853681
12930226
824510
814740
814741
824511
814744
814745
100037269
190105
12934484
58244
12934486
116727
58243
190103
12934482
617975
12934489
12934488
108767
70285
2540932
2540933
2540930
2540931
2540936
2540937
2540935
12933682
12933683
2540938
2540939
12933686
12933687
12933684
12933685
31249
31248
12933463
31243
100009148
12797936
31240
31247
31245
31244
840018
3151
37839
3157
3156
3155
37832
37830
3158
37836
37837
37834
840016
225131
303306
174232
64663
91039
268396
5727449
3643413
147664
12933469
147660
825529
284014
825524
825525
825521
828729
282032
23089
23082
23080
23081
23086
23087
23085
196463
186574
2542152
29154
216233
29153
29150
29151
25862
25861
25864
25865
23331
23332
23333
23334
23335
23336
812356
23338
23339
188083
34565
34564
34567
140477
34560
109145
314623
42300
60506
34569
34568
100506581
177511
855269
855260
855261
855262
42303
855264
855265
855266
855267
194908
51175
390443
72572
820536
187199
55366
55367
171829
838824
55362
55363
838821
55361
820530
100287171
80152
6628
6629
6626
189689
6624
6625
6622
6623
182650
6621
73094
157869
92070
812636
2655371
812637
43379
50628
431906
50626
34753
181102
22063
22062
22061
22067
22066
15227
22068
2542154
31935
850573
11163
31933
2540245
77706
31939
31938
2539990
856799
853313
853310
853311
853316
853317
853315
856791
856790
853318
856792
856794
856797
856796
2713
84890
2540243
852953
852952
852951
852950
852957
852956
2542262
184886
2539124
852958
2539121
2542269
2539123
2717
856243
856241
856240
856247
856246
856245
4678
4677
4676
856249
4674
4673
4671
4670
830908
830909
5148
7080
5147
5144
5145
5142
7083
830902
5141
120
172033
174254
124
172034
172037
172036
128
839887
100037508
3644517
853730
185681
185682
100526739
825397
853732
853733
838852
140941
215445
85415
853734
85417
820007
125170
820001
85413
7224
837489
45826
45827
45821
837480
825396
837483
837485
837486
122183
10343
19244
64102
853739
638833
836680
36688
36689
36686
36687
333050
36685
836689
36683
36680
36681
838850
2543400
35985
84450
84451
84456
84457
228071
16559
399253
139067
828235
338917
139065
836538
836537
176409
836535
836533
33300
33301
37481
33303
33304
33305
33306
33307
33308
84898
37488
5654
237943
8218
37500
810371
284338
283106
8215
8214
8216
7652
42536
84899
140734
287828
399355
236219
173678
844317
37158
37153
37152
37155
37157
37156
822335
822336
822337
318566
822338
822339
229317
318562
54328
44889
40509
44885
40505
40506
40507
202018
811091
811090
84960
14421
822401
38086
38087
38085
38082
38083
38081
813837
84317
38088
38089
819778
841202
819772
177748
819774
819775
113927
843639
2540838
326625
831440
13819
827863
843631
834599
827860
843634
13813
843637
830681
84219
2768965
2768964
228775
2768968
2540833
839845
38338
2540832
838457
838454
838455
38330
2540831
38332
2540830
81550
2540837
12931579
180630
2540836
11551
11550
349075
180631
201595
11556
43080
830051
43083
43084
43085
43086
43087
839636
851190
840052
832626
65138
213019
103551
65134
65136
65137
839419
153769
839411
60561
60562
60563
64667
66194
64665
812016
3634968
16881
812013
148203
114818
148206
81553
812019
173147
173144
9703
173143
173141
311166
32177
311163
173149
177657
177655
3346235
3346237
3346239
11944
97165
177658
177659
191472
162394
107047
19946
262
842271
267
842276
842275
66354
269
268
12934119
17248
17246
831226
831227
831224
831225
9263
9262
9261
9260
9267
9266
9265
10739
10736
10734
10735
10732
10733
10730
223770
176017
176016
176015
176013
176012
176011
176010
176019
176018
495105
818554
818557
353274
100337841
12398
12399
12394
12395
818559
818558
12391
824062
333926
821016
821017
69162
91749
34784
823849
821018
3361305
828
820767
820761
12932720
820768
11941
211914
506618
12932957
827
609416
46813
829572
829571
811377
45338
41748
45339
823843
829064
380313
380310
320538
829066
851178
827088
2541869
2541867
851175
2923
851177
851170
851171
851172
851173
100360427
829062
79109
824685
824681
79101
79102
12933912
828197
12933910
12933911
3635367
828193
12933914
12933915
13041
13043
12933919
828198
828199
24407
54165
81792
395249
54160
395247
54169
826680
826682
1763
826685
24401
175098
175099
175096
175097
175094
5076
175090
40975
828221
40977
40976
40970
40973
40972
828229
40979
71978
23532
42393
23530
23531
1160
1161
23534
1163
66513
66511
23539
188246
66515
66514
42390
12930298
12930299
12930294
12930295
12930296
24408
12930290
12930291
12930292
12930293
497778
59028
2540408
2540409
59021
59020
2540404
3642249
59025
59024
2540400
59026
178116
178117
178113
819845
820583
3648008
446236
815898
446233
474
5253
19326
28978
539141
27198
8553
8550
12805
8556
8557
8554
8555
27190
5256
8558
8559
3643929
1716
3641795
257644
4325962
545156
14479
5255
257648
818260
831492
50428
174328
174326
35762
174323
174322
174321
35767
12932020
12930439
32238
12932179
55619
32233
55617
55614
55615
55612
55613
55610
55611
52864
22668
816276
816274
22666
22661
3726
816270
189117
12930706
24506
854343
26579
26578
26575
26574
26577
26576
12931521
2539549
12931523
26572
329977
2539548
12932171
12932170
175196
162427
65277
127700
127703
65274
313845
843138
2539564
821187
35786
2539540
172103
35787
832088
35784
209456
4938
35785
832086
12930135
2542055
832085
843716
414664
3772
854319
854318
3777
856641
3775
162963
854313
854312
3779
854310
854317
854315
854314
812851
2541125
2542714
162966
2542716
2542710
2542712
2542713
57614
57616
57617
57610
57611
57613
57619
381549
856649
2539561
297383
52538
35789
40217
100862455
3885829
12932029
2541128
2541129
284098
80832
36448
817638
113174
112487
36440
817630
330914
36444
3885874
817637
36447
810942
21926
21925
11123
2542051
810944
12933338
810948
2543219
828409
21929
403042
343263
201725
56931
840158
12933279
12933278
12933277
12933276
12933275
12933274
12933273
12933272
12933271
12933270
432358
57169
387103
54304
685867
387104
12932147
835363
825660
855192
850345
855190
850347
855196
850341
850342
850343
380459
6804
12930132
850348
850349
2540879
6801
9744
853920
853923
853922
853925
853924
853927
9743
853929
853928
841244
9748
32837
841241
39881
810362
24150
32831
841784
24159
71240
103214406
33678
37319
12932145
19153
735161
33670
33671
33672
32832
37317
37316
37315
33677
94202
12933499
12933498
822136
822137
12933493
841785
822138
822139
12933497
360471
339184
12933494
17973
735167
365662
52530
68350
189961
70892
811707
186300
811705
811704
811701
100127327
22989
811709
12930673
851435
851434
856421
851436
856427
851430
851433
851432
42519
817662
856429
856428
851439
224656
2542214
12798161
553266
283431
42518
834940
114880
825446
55754
287379
825483
31977
825481
101290500
825487
825484
825489
825488
3642234
825441
834948
29629
681410
34152
34153
34155
183403
34158
12934182
35203
338324
172789
35200
35207
35206
35205
338322
172783
4185
172784
23275
23274
23277
23276
2538878
23270
10481
2538874
2538875
2538876
2538877
23279
2538871
2538872
2538873
36410
181807
181800
181801
813701
3772265
177497
57393
177493
10487
100420300
837904
43867
43864
43862
12932799
12932798
820706
128866
128869
828515
434234
6780
6783
6782
6785
837903
6787
6786
6789
6788
838061
855439
855438
27175
387751
839252
899
855430
855433
855434
839259
855436
853102
853100
853107
853106
853104
12932797
853109
853108
3361514
12932796
10667
3361515
55830
32781
832846
51602
51605
34193
51604
12930647
12933938
32785
4337736
48539
27179
225348
839330
12930644
23232
246618
2538766
396280
173552
44870
219333
173558
401647
12932245
821824
852856
852857
2539080
2539081
852852
2539087
852850
852851
2539088
839337
387755
208092
852858
856167
856165
856162
856163
856160
856161
48532
856168
856169
42807
42806
42805
42804
820219
42802
42801
12933221
820217
827240
827247
827246
42809
42808
854450
100043163
854452
854453
854454
854456
854457
854458
854459
100101304
343477
114881
839925
839927
38518
38519
839923
31833
38515
38516
170922
38510
36200
38513
853687
70122
2538830
100362458
285782
12932388
853683
66054
66055
837568
818164
837566
818166
818167
837563
837562
818162
837560
360865
2538836
360860
175254
175255
172204
246232
10723063
175252
172201
44254
36161
36160
44250
44251
44258
44259
33532
33530
33535
280664
18715
33539
18717
71746
18711
89970
71745
41575
41573
41570
398706
17833
495075
2539414
41579
812218
2874697
844706
29808
83608
83602
29801
243771
29803
83606
83607
29806
83605
12932384
319000
121274
23233
829138
823589
12932385
812213
812214
812215
395733
396325
178465
7190
174121
842849
76217
30942
842841
855381
842846
8028
8029
200232
8022
12477
8021
12932387
8027
30946
7443
7442
855385
7447
44921
7448
816910
12931723
12931722
12932052
46006
2767
850331
12932380
855126
286928
30948
65079
850333
838648
838647
835234
286923
850332
838643
838642
259282
2539864
829352
829351
829350
2539860
2539861
2539862
2539863
12932381
829359
829358
2539869
2655492
12931094
12931097
6874
2655496
12931090
12931093
12931092
6873
2655498
13998
12931099
12931098
833693
850338
819069
266606
100124533
361840
266609
7761
12933870
318066
64295
7638
396320
54437
81516
81517
100526832
81513
37557
81518
12933873
13669
843468
819061
13661
312607
43327
843462
13665
2538708
43323
192157
5872
5873
5870
5871
5876
5877
5874
5875
16019
5878
5879
12933872
56851
56850
56853
56852
72179
7354433
2543286
161835
116328
2543289
90806
414059
2543288
12933875
2538700
100383
11740
828402
828404
11745
828406
286887
828408
2538706
2538707
18227
218811
63910
12933874
830341
63915
63916
63917
20890
20892
20893
832273
3645446
12933877
498407
64033
64030
824184
33180
42635
842336
842337
300053
347853
842338
842339
166824
42498
42499
42494
42495
42496
42497
42490
42491
42492
42493
811972
821604
821607
824230
821601
303599
48239
3770404
824238
821609
281427
16814
9187
9184
9185
9182
9183
9180
9181
7633
260097
9188
76108
16907
16906
16905
4324182
16909
176198
12217
12215
42142
42143
42140
42141
176196
176197
42144
42145
295050
841735
295052
841733
90113
734973
13666
176684
380125
53579
53578
100049754
837805
389435
29345
10505
444021
53577
29340
21413
21412
176226
176227
21417
176221
21415
21414
837800
21418
176228
176229
17149
829437
8859
829435
33185
829433
829431
8853
8852
8851
8850
8857
8856
829438
8854
10417
67568
29747
3635138
67561
2703413
827760
827761
39697
2540595
187728
26821
26820
26827
26826
26825
26824
149473
12931110
396200
854083
404053
221044
10410
50147
2540591
3355102
268294
12930634
3355109
157724
12931115
66343
388753
50143
502389
12931117
2655375
10319
53609
174506
1551
1553
1555
174505
1557
1559
1558
344787
218914
34312
175754
179476
179477
175751
175750
175753
34315
79733
91442
34318
79730
79736
79735
79734
117287
288734
35048
178703
181267
843858
35044
35047
35046
178709
35040
35043
35042
165100
51813
117283
188160
181263
117281
55139
55138
55137
55135
181261
55133
55132
55131
830525
374018
54952
302965
56165
54953
35592
35590
35596
35595
35594
8942
32738
66340
23705
54956
93594
729359
27019
27018
56041
27015
182401
253143
27012
73674
22259
73677
73673
3772715
12931712
73679
3772712
74025
74026
37556
74022
268490
25700
25705
55793
55791
55790
55796
55795
55794
33348
55798
9976
9975
9973
9972
9971
9970
2542035
2542034
56444
2542036
2542031
2542030
2542033
9978
57799
57798
853479
853478
836018
2543349
2543344
853472
853471
853470
853477
2543341
853475
55869
41239
32068
32069
12931711
117519
55861
55860
32060
55862
10312
32067
55867
32065
12932391
2540465
824002
100736523
100736522
100736521
100736520
101994
100736524
9858
26972
79739
9859
12932061
12930249
12932063
12932062
12932065
12932064
12932067
12932066
2542691
2542690
2542693
2542695
2542694
2542697
2542696
2542699
2542698
816753
816752
445138
816757
816756
26058
26059
2542455
64951
26053
344892
26051
26056
26057
26054
810753
317719
810755
810754
43825
854128
854129
75089
837768
12932399
81490
854120
837764
299347
854123
854124
854125
854126
854127
232232
2542969
2542968
186250
332221
2542963
2542960
2542967
2542965
2542964
386463
36769
167410
36766
36760
36763
36762
58954
33739
33738
14679
14678
33735
14674
18552
14672
33732
38619
20689
38615
38614
38613
38612
38611
38610
83444
30429
83446
851766
83440
817403
817400
83443
33341
83448
3638941
827637
12933306
426361
188957
823492
10058
307926
843327
432250
608738
84584
12932939
12932938
823456
84585
33883
33882
33881
12932930
12932937
100125673
33885
33884
824487
7570
12932479
343035
68774
347722
12933304
830922
58180
814270
233189
814273
814276
814277
241638
2539040
12932476
15108
15109
15107
12932475
15101
814182
171425
814186
298596
39569
39566
39567
39564
298598
39560
39561
31779
31778
18080
18082
31773
31772
837428
31770
18088
31776
31775
34055
34054
173373
173372
173374
34052
109658
239134
34058
401024
177860
177865
837429
15216
816323
316521
81722
35900
35901
31483
35904
31487
35907
31489
35909
10052
5740185
31086
47220
4112
825856
182968
100736473
21917
31080
12930245
281592
94097
4110
40263
127833
31082
183618
315350
811934
131408
814938
12932121
281597
822497
184495
131405
558
57221
814399
100328764
100009506
814398
57223
554
133482
406245
243300
100043215
57224
6818
177286
177280
448987
814393
818747
818741
814392
4776
4774
4775
4772
4773
4771
172426
172424
811142
172422
172423
4778
4779
329954
361578
20682
24239
201164
201161
201163
854959
90649
838335
33695
838333
838331
838330
854951
854950
854953
854952
170482
854954
854957
854956
852463
852462
852461
852460
852467
852466
852465
177138
852469
852468
513263
2541246
13508
5066
2541245
13505
13507
825148
12930321
5063
185729
315461
185726
854413
825147
185721
825145
818521
181618
181613
165829
181610
245666
824430
844722
5008134
20700
5069
427308
20706
5068
819839
819838
828726
819835
819837
819831
819832
42305
42306
42307
820538
42301
42302
171998
7809
820535
80155
171994
80153
42309
820532
80150
855606
855607
839871
855605
855602
855603
855600
855601
2542413
815182
837370
855608
855609
100158301
54920
3714
2542411
92906
2542410
7221
7220
7223
7222
7225
853735
7227
853737
853738
10342
828091
12930325
828097
10346
10345
10344
176422
12933879
176421
176426
839282
176424
12933878
667663
401563
6248
6249
56164
6240
6241
6242
852209
6247
32636
839876
574288
820391
820394
820395
12930399
820397
820398
827164
814200
835868
175644
14997
835860
237459
839875
14999
175642
184935
829
30523
653316
825
824
823847
826
821
820
823
822
814648
839874
6815
80848
35158
381582
288444
3713
317824
80846
5252
3565921
5250
5251
1717
5257
929
53416
1719
1718
353142
353141
179672
179673
179670
179671
179676
179677
175195
3646292
2539542
179678
179679
2539547
814643
2539545
2539544
2541126
2541127
2541124
35150
40218
2541123
2541120
2541121
40214
69562
162968
243983
40210
40211
40212
40213
11120
11122
285596
11124
285590
11126
11127
11128
11129
36293
394365
923
17979
17978
5532
17975
17974
17977
735163
830566
830567
246008
353497
8729
8728
19835905
840861
8721
8720
8723
8722
8725
8724
8727
8726
839878
66945
50859
114228
66942
3643951
50852
50850
50856
50855
50854
103239352
375850
190961
55930
12930649
12930648
824569
12930646
832849
832848
12930643
12930642
12930641
677679
12930569
1466506
154754
104836
126823
126820
824568
12932378
217409
12930562
382018
12930563
319277
382010
398159
245583
8189
12476
12475
12930566
8187
12478
12932125
12930567
7764
7766
7767
7760
12930564
7762
7763
253461
819066
7769
91664
414918
824371
823534
12931218
829257
829254
734340
90338
389434
734344
6690
177040
70673
64208
833710
92999
139562
12931113
824378
12931116
12931212
12931118
12931119
397844
397841
397840
51810
16201
16202
117284
19252
117282
51816
117280
6697
10815
36125
19259
835009
835002
69439
835000
835006
339210
835005
12933700
2538793
12933707
12933706
71728
827956
81493
12933704
81494
810515
6695
810516
376693
810518
89817
2538798
175643
834778
500105
81727
2524
2526
2521
2520
2523
116483
116486
116484
3636358
11465
11464
191360
57222
11461
43179
10780
57226
57228
43176
43177
43170
43171
2540674
834770
197407
14462787
836050
84709
799352
116154
2745949
116150
94122
94121
94120
90332
116159
90637
67337
813748
836051
10917
90639
928
9572
9570
9577
9576
9575
920
921
9578
924
925
926
4961454
388646
190185
190187
104831
64205
64204
64207
20321
824372
64200
824370
64202
12932127
836884
64209
2875421
445582
824379
12933602
12933603
12933600
132014
12933606
12933607
12933605
12933608
12933609
426918
59326
6573
157680
850713
850712
850711
850710
850717
850716
850715
850714
70675
850719
850718
59323
9397
57911
9394
12930471
9392
9391
57914
67150
67151
67154
67155
9399
9398
381979
3643493
840360
3643494
440270
415116
415117
415115
12930472
34294
34293
34292
72068
817586
72065
841944
841947
841941
2540318
2540319
2540316
2540317
2540314
2540315
2540312
2540313
2540310
2540311
12930473
10911
26989
12931938
12931939
26984
26985
26986
12931935
26980
12931933
12931930
12931931
12934373
12934372
12934371
12934370
433053
12934376
12934375
821514
840098
12934379
12934378
2539898
57913
79568
836437
79563
3361165
79567
6043
107022
92565
64412
15925
851040
851041
851042
2871503
2899
851045
396184
851048
851049
2897
2896
2891
2890
2893
2892
1454
1455
1456
1457
815035
23007
1452
1453
23008
66200
188557
1459
22359
12930531
72008
22351
22350
189606
22352
381022
213068
842673
77254
67157
151531
57404
828637
842670
844124
844127
2543661
844123
496043
100873463
852661
852660
852663
852662
852665
852664
852667
852666
55082
856711
856713
856712
856715
856714
856717
856716
856719
856718
35656
35652
35653
679949
13875
266971
4961458
308384
12930329
32928
12930320
32922
32921
181456
12930324
32926
12930326
32924
12933782
734458
494815
56631
474343
56637
68879
12931395
163782
777720
51177
51176
140670
51174
23918
181182
51171
51170
74781
23917
813875
93380
494846
65963
65962
65961
65960
214812
27346
27204
65969
27207
27201
27202
12933780
821939
309168
821933
309165
821930
821937
821935
36358
74256
25518
853538
853539
36350
25513
853534
853535
36354
36355
36356
853531
189791
627049
14711
389376
98402
36463
75786
75785
854623
854622
75788
12933786
854627
854626
855978
855979
39836
4898
39831
2649
855970
855971
855972
855973
855974
855975
855976
855977
362859
2543139
836608
2543133
2543132
2543131
2543130
2543137
362855
836603
2543134
100362640
173926
173920
5740359
818524
2641
5275
84547
113263
89122
818909
810657
187933
810650
820871
729250
33388
33389
84726
84727
84720
820873
854089
854088
854087
37402
854085
37400
33384
854082
33386
854080
12931936
842299
203054
12931937
41324
12931934
41321
41320
842905
836269
945295
40059
40056
820879
40054
40055
40052
51294
40051
1233
842298
51292
51293
12931549
89932
51290
37657
56445
132851
51291
818520
18752
37655
72055
104383
18754
84466
851905
851904
851907
851906
851900
851903
851902
171382
814020
178831
178830
851909
851908
836613
178834
837264
837265
640094
33968
33969
837262
108897
33964
33965
33966
51299
33960
33961
33962
823399
823398
38009
38004
38005
38002
38003
38001
12933169
12933168
232798
100507290
12933163
12933162
379698
37659
232791
12933166
12933165
12933164
31528
31522
173502
31520
31521
31526
31524
31525
5649
5648
823641
170384
835421
5641
830602
830601
830600
5645
5644
5646
855026
326244
852487
855025
855022
855023
855020
855021
12934237
855028
855029
40587
40581
40582
40583
819260
819262
819263
40588
40589
827607
819267
91300
19714
813580
76257
2539275
30009
6468
6469
360543
40664
6461
6462
6464
15374
171654
84874
7486
194985
827605
835952
831332
7480
842142
842144
842147
812099
833520
812092
835640
835641
55245
84873
200931
200933
39067
39065
39064
39063
39062
839761
822519
831553
831555
39068
12931467
180441
12931460
73945
12931462
680127
16772
16773
16776
16777
12068
443634
100525409
3283
154661
851044
2898
827218
2539369
2539368
839495
839497
839496
69259
2539362
2539361
2539360
2539367
2539366
2539365
180724
642636
180725
43777
43775
43772
13184661
43771
56953
180727
2542520
399406
21665
21667
852346
2655144
852344
852342
852343
852340
852341
813325
50782
12931695
852348
852349
23002
287716
287711
287710
172679
172677
400120
172675
172674
172673
230721
172670
23001
84910
839994
64184
2542526
815037
406881
23005
825317
100507398
17428
38828
38829
281719
217232
38824
17420
38820
38821
17425
38823
826640
217893
829175
90381
816640
362339
12931692
80297
80298
829173
362332
5848745
147007
818404
817996
246709
175548
175549
838452
20133
175545
175546
175547
175541
175542
824601
219931
828118
828111
64180
84309
139741
827550
827555
41046
826609
41044
41045
41042
41040
41041
826601
826602
826605
826607
84302
821361
2540158
2540159
12933016
2539722
2540154
2540155
2540156
2540150
84300
2540152
2540153
10402
29719
84301
44496
44497
2655457
29710
29711
44498
159163
29715
84307
54251
54250
14815
14814
11865
14812
14811
14810
163590
179823
179822
2542607
2540485
2540482
179826
2540480
179824
179829
2655451
3646489
2540489
811269
2655080
12932761
2655085
174638
2655088
178191
178192
1690
728318
3646735
3637905
29856
29855
12931839
243867
12931836
12931835
12931834
12931833
243862
12931831
12931830
2541689
2541688
26863
2539684
2541683
2541682
2541681
2541680
399092
2541686
2541685
2541684
416114
12934496
216965
129804
2539685
129807
829301
2541355
100009271
2541357
2541356
2541351
2541350
192255
2541352
100009279
192258
2541359
2541358
856074
26861
83462
160760
1487968
842808
817887
207304
844120
5308
99633
5309
92815
64060
387911
834250
841384
834254
834255
843371
834259
843377
126789
151188
12932285
51373
51372
51375
51374
51377
51379
51378
542425
93145
818115
2542836
2538790
79823
818117
2542830
12931301
12931300
817145
1062
25350
12932283
817141
25353
12931308
25359
817149
817148
828930
828931
2539748
828933
828934
828935
828936
828938
5307
41303
77781
12931969
814683
12931543
348262
729438
12932289
289197
2542838
155368
811180
100687738
79828
812176
2288
2289
64508
304670
301285
2280
2281
215615
64506
199221
2286
2287
11735
842425
842421
251645
191283
842428
428181
4828
5802952
2056
5802954
5802955
56341
4826
10907
56342
10901
10900
10903
10902
56349
56348
10908
116838
2543443
388272
2543441
2543440
100363860
2543446
2543445
191134
2543449
114142
35654
16431
16430
810492
174836
16438
810499
2539410
2703377
396444
2703375
192117
2703373
2703372
293684
396445
81554
11736
2703379
81555
227099
834441
100034361
388323
396440
174830
447009
152756
5836
4322
379130
836812
12931055
3641914
7988
84666
4326
833868
187486
56965
12932763
12932760
404672
56961
11258
56963
12932765
12932768
12932769
56969
836819
199704
12931966
2752
37275
3145
856931
856933
856932
856935
856934
856937
856939
10178801
12931961
190661
2541950
3149
821320
12930948
12930328
840001
12930940
12930942
105522
12930944
65033
12930946
37824
58844
835272
58845
94160
54561
840115
840116
835277
837778
840113
835276
447331
419
2541956
57118
12933207
3059
3885833
3054
3055
3052
3053
3050
850696
850694
850695
850692
850693
850690
850691
12931962
175410
850698
181450
12933413
12933412
12933411
67059
12933416
12933415
12933414
20649
67057
12930327
69368
67052
839550
147746
147744
825403
825402
188455
839552
842410
825404
109594
91283
109593
91289
839554
850520
850521
850522
850523
850524
196549
850527
850528
850529
132141
839557
3361556
196541
64788
814552
29057
116362
29058
836551
831282
815209
812255
2539412
12932008
36543
12933128
855347
34487
855345
855344
855343
855342
34480
34481
36545
34488
34489
816959
177419
443630
828445
12933204
177415
816951
185870
816957
816956
177413
31052
817518
31050
180680
288022
180686
31054
31055
92482
92483
31059
55083
3949
55081
55080
84668
55086
55084
12933960
32886
32887
32880
3945
32882
6709
6708
12931911
34734
6700
34736
6702
374383
6704
34732
6706
443632
92737
201140
100502766
24476
35289
35288
24472
151473
24471
50101
35282
35281
35280
50105
35284
55559
55558
32778
2654930
140673
55553
32771
32777
32774
32775
852584
852585
852586
852587
852580
852582
852583
22144
22145
22146
813126
852588
852589
22142
51172
856694
856695
856696
856697
856690
856691
856692
856693
856698
856699
224116
140679
391634
37583
111173
2542181
2542180
2539008
2542182
2542185
2542184
2542187
440434
281555
2542188
2539000
2539001
2539006
2539007
2539004
12933967
69257
4379887
1902
853188
147657
853183
853182
853181
853187
853186
853185
56912
5029
5028
38596
38597
38590
38591
843074
38593
5020
5023
98238
5025
38599
246549
826753
4440
2542459
2542458
830883
443638
821879
2542453
821877
821874
2542450
27206
5294
162333
337193
56920
36259
36258
36255
36251
36250
36253
36252
73192
128209
85358
85359
85352
37587
41281
41282
41283
41284
41286
260326
84081
84080
84083
122060
84085
84084
12930798
12932753
644914
48422
43581
20391
69009
2538758
2540089
100507703
444667
2538751
2538750
2538752
185410
2538757
185412
205564
824145
42889
42888
5293
42885
42883
42882
42881
42880
203245
824141
204219
316575
840300
39647
39646
39645
83681
39643
5290
83688
3772082
39648
314598
836478
298019
388403
25875
836470
836471
836476
74255
100128252
2769001
33028
18826
33024
33027
18822
2769008
33023
18821
831843
172829
831847
172822
175831
175832
284076
172826
175836
172825
7113
853536
7111
7110
7117
7116
7115
7114
12950
325615
820839
18795
52348
817302
74996
18792
838954
820831
185600
399257
18798
3647376
25517
84557
74998
37618
37619
313427
853530
84550
12932403
37613
12951
817306
12932407
37617
37614
1380
30046
40628
66722
40621
40620
40623
40622
40624
40627
178971
114856
212647
226594
12932493
836062
388387
843177
811225
843174
811220
843170
843178
2655418
2655412
2655411
2655415
208846
839662
5568
5569
2768848
5564
5565
5566
5567
89796
89797
5562
5563
98403
76299
815406
38273
817513
8622
38274
38277
174873
31314
140570
31316
31310
12931216
174874
174878
31319
31318
834728
11213
11211
11216
11217
11214
11215
834721
11218
11219
834724
854621
834727
830038
12933964
291006
823559
814167
19047
19046
19045
830033
19043
830035
830036
3645580
817515
225027
103213
127540
38545
127544
39834
304470
39835
136051
69590
4899
402643
828489
110253
5816
66420
812752
828481
828484
173065
173064
173067
146712
12931771
70579
173069
12931772
401190
177994
12931773
4892
843296
831472
4891
780829
191735
7414
191737
191736
17313
4897
288275
42414
42415
42410
311332
42412
42413
16634
388407
25880
12934262
843299
12748
12745
12747
401442
401447
64744
64745
64746
839517
832766
832767
832764
839513
832768
64748
373984
836865
396758
396437
10678
836861
836860
9108
7936
10673
9107
10671
10670
10677
836868
10675
9101
812874
499688
176116
176117
176115
171838
176118
814093
836607
16985
37663
831071
12298
818455
818457
818458
818459
12290
12297
12296
12295
2543136
20818
124222
124220
824105
2543135
851277
824109
830465
314764
159119
518399
20817
121053
12257
820482
820484
609752
827457
827454
832186
6613
832185
855786
42189
6611
832188
320472
6610
821688
821685
374291
821687
81717
441212
855782
851639
851638
855781
851633
851632
851631
820151
851637
851636
851635
851634
11989
10648
12259
11983
54596
838832
11984
8629
179162
179160
838833
100507617
179165
64518
10581
10580
13169
10585
838836
10587
10586
10589
10588
838837
117286
10840
176802
831039
176806
10841
176808
8620
20853
840461
3646629
844379
101954273
844375
830850
844377
844370
37547
155908
20362
824816
824813
829308
100772415
44513
12931432
44510
3635945
1087
823703
1082
1081
1080
734291
39345
242291
1088
179787
152015
841778
179782
949040
826411
835120
179788
179789
129303
2540729
2540728
39015
2540723
2540721
2540720
2540727
2540726
2540725
2540724
29528
734747
29521
29527
109075
416320
100310821
1339
50719
1337
319565
59271
59272
59274
8698
59277
303073
8694
8697
162962
8690
8693
8692
221241
180969
119392
119391
66654
66656
174409
178788
499314
174401
178783
55719
55718
189253
55713
12930772
55711
12930770
55717
55716
55715
78957
12798012
829947
8349
835777
12798016
829943
829941
8343
8342
8341
8340
8347
8346
8345
115992
728621
728622
545741
55757
8618918
827497
3467
816425
63940
75991
22431
22433
835778
12932218
816428
12932219
147948
55755
3460
126075
4379864
147945
32576
823712
8528
4379861
32889
854086
165721
32579
854084
3638
3636
37407
3635
3632
3633
3630
3631
2542619
2542618
822584
854081
2542611
2542610
2542613
2542612
2542615
2542614
2542617
57711
55753
57713
57715
57717
57716
114642
57718
114641
117596
209032
339535
841223
116647
116643
293721
112724
20585
293725
389812
24416
2346
843921
41989
841222
345275
20589
440699
420969
178487
810861
24873
21803
21804
24877
24874
24875
21808
55750
821661
100952
134829
827725
257203
12933332
12933333
12933330
12933331
12933336
817488
829910
817487
817484
817485
817482
817483
817480
817481
43938
340571
26869
829915
851670
853365
444264
100528064
294515
853364
9980
100153874
842785
11025
831558
415589
105653
380793
944864
9667
36988
9665
2541028
9663
9662
67661
36981
36985
36984
194590
36986
37054
37055
24417
37053
269608
37058
37059
3639018
853369
3639011
3639010
853368
818972
2541020
841472
534027
12933596
12933594
12933595
12933592
841479
12933590
380246
843731
100778906
344658
344657
113961
5142379
107182
333654
830460
814079
226757
2538847
12932229
68098
68094
68095
68097
68092
811423
811421
67248
57119
811425
67245
67246
822767
67241
851570
855928
851572
851574
851575
851576
851577
851579
35984
266842
35986
157769
645455
433693
220972
3394
3397
3396
3399
3398
226442
2542275
852947
212377
4237
2542273
76055
852941
4261
4267
852943
447109
147463
4236
447107
818848
170770
7776
3638050
3361456
3361455
3361454
100533970
3361452
3361450
35368
35369
35364
224008
35366
228410
35362
812190
812196
812195
380165
825230
825231
825233
825234
825235
188640
103983
103988
134285
272347
12930252
25917
25914
25915
25912
25913
25911
765
816754
816852
814029
213582
814028
180342
180343
2540877
100288797
23428
23429
181690
23424
23426
23420
23421
181698
824080
447467
11816
109032
843262
852171
852170
852173
852172
852175
852174
852177
852176
852179
15926
2538767
814023
177203
177202
171917
817818
171914
171912
853229
853226
853227
853224
853225
853222
853223
74549
853221
57157
838917
838916
838918
6138
6139
855688
855689
855686
6133
6130
855682
855683
855680
6135
837267
674597
4337672
839066
43645
839060
839061
839062
830813
100043034
1593
140780
140781
2540873
3644173
57116
182275
182276
3885761
173458
173454
173457
852795
852794
852797
852796
852791
852790
852793
837268
830936
852799
852798
208194
837269
856085
856084
856087
856086
856081
856080
856083
124790
856089
856088
821445
821444
820319
2540871
820313
820314
128077
948559
51043
854799
838268
854797
854796
854795
854794
854793
854792
854791
854790
2539639
38418
2540870
12930701
20320
832204
38411
55744
38413
38412
2539635
38414
12930707
79777
839870
12930704
856339
856338
856337
856336
856335
856334
856333
856332
856331
856330
231866
91404
172024
12931798
134
854249
854248
818049
2542649
17000
854241
854240
854243
854242
854245
854244
854247
854246
12552
175118
172329
175113
175112
172327
172326
175117
3646212
36048
2542643
36044
36045
36046
36040
36041
843500
18619
839135
33279
33274
56217
33276
33277
33270
33271
285513
18616
282837
647099
120224
823393
3628034
143662
379348
100885850
12933167
379343
57014
70297
812947
42115
828872
823150
836429
825053
319765
834614
41749
431705
12968
41740
41743
41745
41744
41747
41746
40294
7097
7094
7095
7092
40291
7090
7091
40298
40299
7098
7099
6490
399195
174240
178542
174243
174244
174247
818959
818958
8106
8100
76551
834517
818952
3767983
819316
15469
15468
2540878
831657
821388
831654
15461
15460
15463
6953
6954
6955
15467
6957
123169
171140
541472
541471
234796
830609
226255
834028
226251
217337
219790
834020
834026
242509
834024
835379
379834
831319
835373
434130
835375
379839
822200
822202
822203
822206
822207
822208
822209
375248
833790
833791
833794
833797
28940
266727
266729
57020
326245
819602
819603
339345
3640651
241263
819609
843704
69940
834670
174935
174933
3766638
12933478
843708
326240
13709
820546
285231
43246
834686
43245
43242
43243
43240
43241
41399
3643674
41657
94213
94212
94217
52276
12931795
42748
832688
414318
2540769
8674000
312890
60365
817722
834978
53332
41391
25132
828568
834972
834975
201283
830269
835083
835080
838077
838070
838072
838073
838078
2874883
839305
839307
140694
839301
839300
832534
832539
832538
573376
215748
125988
498728
819969
3644531
836692
817728
836693
842075
100345293
842070
842072
842078
819265
42599
304109
46038
643853
42591
42590
42593
46035
42595
42594
42596
821160
242705
813598
821163
821164
64288
48373
64284
64283
64282
7874
7870
7871
191508
191509
836699
7879
191500
42627
42626
42624
42622
42621
42620
16866
242702
831136
831132
12159
831130
851808
12156
190457
12151
190455
851809
838885
850799
850798
564464
12933748
838884
850793
850792
90019
850790
850797
179084
850795
850794
80324
10428
838886
838431
9319
9318
10422
10423
9315
9314
10426
10427
9311
53635
54941
54940
176301
339044
176307
42034
54947
54946
54949
54948
176308
21750
21752
829775
829770
829773
56130
80323
829779
27054
26904
26905
12933864
51765
26900
12933863
12933860
26903
26908
26909
12933868
12933869
27059
851778
851779
851776
851777
851774
851775
851772
851770
851771
6688
1984
1982
1983
6689
100137047
380003
100137049
2815
44307
2817
2811
29489
2813
2812
2819
29482
29483
54367
54361
54363
24224
24223
269951
79074
79075
79077
79070
79071
79072
79073
28577
83796
175650
179331
2540395
2540392
2540393
34219
15370
175658
175659
179339
179338
821970
34212
2540398
57025
178060
178061
2541446
178064
178065
2541443
178067
178068
35167
35162
35163
35160
35161
3565237
91653
379177
67731
67738
174443
823396
126272
843813
51460
51463
51465
51466
23624
23625
23623
23621
519217
19834760
59336
27756
303135
59339
59338
303130
417771
606298
50789
73736
73739
73738
445824
835821
23994
23996
23997
3885734
444051
51060
420025
23999
27284
396057
27287
27283
27288
27289
840271
115817
12930960
12933255
90333
16348
840272
827279
92305
92304
2543516
27428
2703393
32307
51284
165918
51286
32303
32302
32301
51282
8803
51289
32309
55908
55909
149840
55902
55900
55906
55907
55904
55905
98488
816388
816389
816386
12931411
12931410
12931413
12931415
12931417
25663
221786
12931418
221785
8301
677842
829539
677840
104662
253959
816654
842697
816651
816652
308870
12934426
308875
26157
26156
26155
835643
26153
26152
26151
26150
494859
817380
25591
25596
25594
817386
832562
116692
854007
854006
854005
2540267
854003
854002
854001
854000
139804
63840
63847
854009
854008
353149
12932291
12932296
12932297
832563
100352737
2542808
2047
2044
2045
2042
2043
2040
2041
79812
79813
2542802
79811
2542804
2542805
2048
2542807
57502
57504
57505
57506
831551
57508
57509
100363379
7620
837152
53373
837150
18458
58857
837157
837155
14130
18452
33474
14133
18457
33473
33470
33471
440163
840148
301517
36536
36530
36531
36532
9611
36538
36539
185868
70223
185862
3641200
53379
100131713
368449
53378
346171
12932878
823316
12932876
64581
12932874
12932875
12932872
12932873
12932870
841130
20410
34970
34976
9618
34974
34975
12933257
34979
5802702
3768181
38970
108954
12934000
10178964
399349
316258
307382
12934004
155030
353256
12934006
835938
3697
853859
853858
853855
853854
853857
853856
853851
853850
853853
853852
4329060
851989
851988
851985
851984
851987
851986
851981
851980
851983
851982
840062
173234
173235
284958
173237
173231
173232
173233
39351
39355
39354
39357
39356
39359
822047
822042
822040
822041
443896
12934435
837054
12934430
12934431
12934432
12934433
12933329
12934438
375323
144501
69681
241066
12932671
3783709
822590
822593
822594
3783702
856519
856518
856517
856516
856515
856514
856513
856512
856511
856510
239673
812544
812545
812541
812542
818629
818628
374140
813636
818627
818626
3361214
843058
4033
4035
4034
4037
4036
172545
4038
77113
184865
172542
854854
854855
854856
45269
854850
854851
