23094
23097
23096
843395
186563
25879
29144
29147
29146
29143
9406966
25871
25870
25873
29149
25874
67493
25876
23327
23326
23325
24255
23322
23321
115353
66724
66725
828908
66720
188090
23328
109154
76843
76846
418486
446759
441525
946334
441521
177503
3772330
855259
855258
105866
177505
855255
855254
855257
855256
855251
855250
855253
855252
284040
92595
92597
92591
5740462
32996
55374
32994
32992
32993
32990
32991
171834
171835
55379
5089
171832
32999
855787
6612
855785
855784
855783
6616
6615
855780
2539716
6619
6618
838834
838835
855789
855788
816698
813904
2539714
2539715
4628
12930762
2542709
431914
823944
187217
180240
180245
391123
2539718
821900
2542597
181111
825778
32384
140689
140688
140685
140683
140680
816045
22057
22865
22051
14569
38539
22059
90655
100513281
12933772
813407
853367
853366
856788
856789
853363
853362
853361
43930
856783
856780
856781
856786
856787
856784
856785
283152
34834
2542277
852945
852946
2542274
852940
2539115
2542271
2539117
2539119
852948
852949
75717
2542278
856254
856255
856257
856250
856251
856252
856253
4664
342372
4666
4660
4661
853091
853090
853093
853095
853097
853096
853099
853098
24781
5173
173998
5171
5170
40053
5176
5175
5174
173991
830938
3885768
5178
821356
133
172023
131
172021
839877
136
135
172025
172029
286917
828049
23324
2655401
70294
843165
128312
820032
125144
820036
843167
363228
89789
246184
246181
5593
41398
5592
12022
837898
3638831
41392
41393
41390
45830
41397
41394
41395
836697
836695
36699
36698
836690
836691
36695
36694
36697
36696
83823
495260
36692
317371
89781
89780
202915
84449
84448
41642
41643
41644
837543
41646
41647
84441
84440
84443
837542
84445
84444
84447
84446
83795
88
83797
123591
840380
12930764
81
86
87
388512
836525
836526
836527
836528
100421865
319924
33317
33314
33313
33312
33310
395512
779356
33319
33318
283131
15525
8208
8209
15528
8204
76267
8202
8200
7625
379969
7627
187716
854045
361527
7629
446796
399340
287835
174070
17357
174076
174074
3771770
91603
37124
179554
100505741
38203
37121
37122
37123
400798
318579
12028
1497013
318572
40513
40512
31987
40517
40515
40514
44879
822306
12933660
14433
14432
7562
832102
400793
38095
38094
38097
38096
38091
38090
38093
813829
319191
319190
38099
38098
319195
12933665
2539932
2539933
2539930
2539931
2539936
2539937
2539934
819708
819707
2539938
2539939
109815
819702
158055
819700
2542434
834585
238427
834587
843609
13808
843605
827876
13806
811556
13800
13803
843602
11201
830696
830690
830693
1580
830699
38323
38322
38321
38327
38326
38324
379418
38328
3644909
116509
116508
5740700
840032
116502
116501
116500
116506
116504
825654
180050
11520
825653
43099
43098
43096
43095
43093
43092
43091
840036
43354
840034
130560
835189
287007
835183
65125
65124
65123
835186
835185
150223
839409
64656
71720
64654
839401
64652
181400
839405
2540634
254251
3644455
19076
304522
362273
12933903
181405
3346227
500084
399129
181408
821029
821028
69159
11172
821020
3783773
821025
191409
821026
842266
22852
842260
842262
842263
842268
842269
78920
12930310
52440
42249
3177
17274
831257
831256
10636
831253
831252
831251
831250
9270
9271
841519
9274
10728
9276
9277
9278
10724
10726
10721
856782
939930
639653
49580
152485
818546
100358702
65003
12389
12388
818540
353242
54840
176001
12387
54843
176004
54845
176006
176007
64384
64386
824014
824012
824011
64383
824019
820776
378615
820775
362634
362636
820771
824725
12933773
58092
42440
824727
829564
829567
829562
829563
157506
829568
829569
13386
162655
13385
13382
13383
13380
380304
73284
3770591
13388
13389
851141
851140
851143
851142
851145
2541897
851147
851146
2936
851148
2934
2935
2932
827093
2931
360971
12931986
11898
69587
153657
11891
171990
337879
20186
20187
20184
20185
3355094
20183
3355096
20181
158880
79114
79113
337874
129446
337875
12933927
12933926
12933925
12933924
13030
207259
12933921
13033
100302143
185827
178120
178122
178125
447576
817564
544213
54151
12933824
820408
3646147
3636466
20238
175066
820409
3448
20230
828217
828213
29780
67657
828219
29789
23521
23520
23523
23522
23524
23527
23526
23529
23528
66525
66523
188252
66521
51528
51529
811554
303251
51520
51522
51523
51524
85013
303259
51527
2540411
2540410
2540413
2540412
2540415
2540414
2540417
2540416
2540419
3772539
59057
160419
85014
728194
820406
388650
830641
80024
12930430
217069
122589
74600
824895
8567
8566
8565
8564
8563
8562
839065
8560
3684137
27185
51181
27183
8569
8568
100158408
100158407
34735
174330
288666
174336
174337
174339
221357
35774
35773
50433
50432
65078
841926
51388
51389
32209
220082
32207
51386
32205
32202
32203
55603
55602
22690
816282
389015
22693
22695
816285
22697
841922
374900
26580
828387
12931538
12931539
414472
26586
56550
26589
12931530
12931531
12931536
12931537
12931534
52874
828382
65246
65247
65244
80320
65243
436915
402415
65248
227683
318952
2540050
75553
186592
54403
114467
290356
498922
84304
209462
286530
3634843
835233
31224
3760
3761
3762
3763
3764
854309
3766
3767
3768
854305
854306
854307
854300
854301
854302
854303
822740
2542707
2542706
2542705
2542703
2542702
2542701
2542700
289229
32377
55957
57609
57608
1804
2543252
57602
2543250
2543251
2543256
57606
2543254
2543255
2539380
837638
52123
19691
837637
186343
146330
817628
53833
53834
36459
185926
102920
36455
36454
817625
54511
19698
352954
72649
54516
66422
948394
166614
50797
12930892
347902
12933265
12933266
441518
12933260
54518
12933263
34543
79744
432348
855203
855200
55686
233904
100361133
116835
387119
34546
6833
6832
6830
6837
6836
6835
6834
6839
6838
380469
2540945
647024
853932
853933
853930
59141
853936
853937
853934
853935
850370
853938
850372
850375
34549
850377
850376
187434
179709
12930891
832714
33669
33668
18260
269713
37325
512439
33661
12933488
389799
175284
822143
822141
12933480
100725041
229542
229543
12933484
12933485
822149
822148
39438
39439
116832
841588
39430
39431
39432
39433
39434
39435
39436
39437
9014
226641
226646
853810
25603
12798032
9016
47408
189978
68365
12931740
74108
55079
396426
836653
12930894
25600
853816
183434
144406
856434
851427
851424
851425
851422
856431
856432
851421
2543106
35898
35899
856438
856439
851428
851429
12934283
50938
815415
12934280
53602
7920
815411
834163
12930983
108123
12934289
836871
834160
839984
841372
440955
268445
239719
234549
57559
268448
268449
9138
9840
825494
825495
825496
825497
317928
836878
447636
825493
317924
233726
361712
50932
317922
287367
53600
50933
34147
34145
34144
180740
34141
34140
7464
34149
34148
839248
180167
35234
35235
35232
172799
35230
35231
172794
839241
839244
838667
180168
35239
185103
188757
2538869
2538868
2538867
12385
2538863
2538861
2538860
727897
12932838
55344
12932839
3361099
435489
379759
625811
43875
501110
831066
43873
43872
128872
12932832
128876
837515
12932833
831060
65098
12932830
6794
6795
6792
6793
6790
100873412
315903
12930435
286097
6799
855428
855429
177317
100360154
855422
855423
855420
177318
855426
855427
855424
855425
853114
828222
853116
853117
853110
853111
853112
853113
545851
853118
853119
12932038
233833
613226
12931343
822004
182456
182458
947055
6769
5008312
1489079
614967
836222
396270
836227
69051
836228
16833
12930998
378807
2539095
2539094
2539097
2539096
2539090
2539093
2539092
51156
255101
2539099
2539098
255104
1212
83701
829370
79587
2655100
2655101
310544
843216
35061
2655106
820206
820207
133690
820202
827251
820200
820201
854465
42838
854466
854461
854460
854463
854462
42832
42833
42830
42831
42836
854468
42834
42835
38503
38502
38501
38500
839933
38505
38504
823953
170930
38508
170936
823956
823955
839939
151556
2541708
2541709
84113
2541700
2541701
2541706
2541707
2541704
327684
98
324554
837574
837575
818157
818156
91
90
93
92
95
94
97
147912
24718
3646304
401288
246221
12933256
36156
36157
36154
36150
2655211
36158
36159
18703
33507
18701
33505
33502
33503
108829
33501
843319
71750
18709
18708
33509
41565
388474
41567
41566
41800
12931006
17829
41562
17827
7569
300813
41569
810664
12930312
129450
12933250
83619
83618
133522
29817
83610
83613
83612
29813
83614
29811
29810
2542857
416018
3439
2542855
175886
296554
12930314
318949
12933252
2542851
257236
2543227
318947
7188
178450
178452
178455
174138
100009394
178459
7181
7182
7184
7185
7186
7187
259546
27023
69253
811636
842875
79849
842876
842873
8019
813021
67437
2542858
8013
283303
7456
855901
7454
44936
12931738
7453
7450
855900
12931734
123036
12931736
12931737
12931730
855903
7458
813025
2543102
834173
2034
4848
361838
110637
65080
838651
65082
65083
65084
162515
508448
838658
838659
2030
286936
10884
10885
829346
829347
2539873
10881
10882
2539870
214791
2539879
2655485
180481
12931080
2655486
244813
13605
12931084
12931085
12931088
154865
361181
192176
2039
81537
180485
12933259
4843
13609
12932026
2312
2543101
291553
81533
117517
257240
2310
12933258
12931161
834789
856559
4341266
2309
2308
843478
843479
834791
13619
81502
2303
427820
2305
100039229
2307
81504
830085
44522
292732
830081
830080
830083
830082
842162
11283
11282
11285
11284
11287
161829
2543107
1724714
161823
56829
820122
414061
74499
680063
74498
832797
832796
820120
7481
832791
832790
11757
11754
115098
40297
43688
43689
8674114
43687
117514
1724712
43682
43683
43681
16392
16391
16396
63908
830337
830336
63905
63904
63901
830330
816362
2543105
79085
54581
824198
153129
215114
19170
832243
832242
832245
14161
824195
3637866
3771890
100009581
17888
54584
12870
42481
42485
42484
229603
210544
22123
3770411
824226
821615
821612
48228
45655
824223
48224
3637861
824228
102466854
2543025
56839
17884
12226
42158
12224
12223
2539551
42150
2541010
12229
380119
2542248
179198
380115
380114
179192
29372
3635298
29376
10579
29374
53504
10575
10576
10577
10570
841725
10572
10573
21427
21425
21422
21423
21420
2542242
232910
53567
21428
21429
8848
5740407
12931081
224938
176211
8841
8842
8844
8846
67590
115019
2543026
6007
179441
179440
179443
179445
100356064
368488
26814
26815
827759
26813
26810
3644780
160065
12934044
12934047
12934046
12934041
149461
12934043
12934042
5802740
12934049
12934048
33025
16506
3355114
3355116
3355111
268281
90827
68617
30940
68612
68611
36790
29595
29592
29593
29591
29598
29599
24551
851959
679712
33933
50082
187080
447433
840454
830320
1544
1545
696
1543
694
695
28424
699
1548
58533
175744
34302
34304
34307
34306
79706
79707
79705
72135
175749
77569
73668
843861
63934
178711
843869
19035
827042
851954
16660
37299
844073
55103
55100
55101
55106
844076
844075
844074
16502
55108
55109
3361259
3361255
837299
3361257
12930503
225865
830828
221527
38058
851854
181368
16500
181362
181360
253152
181365
22249
22247
813989
836626
22241
22240
25738
25739
25736
25737
25735
25731
9164902
9164900
9164901
9164907
9164908
9164909
74035
98660
27398
27395
27393
115908
2542000
9965
2542002
9967
2542004
9961
2542006
2542007
2542008
56454
56457
56456
9968
9969
56452
836020
853468
853469
422043
2543358
853464
853465
853466
853467
853460
853461
853462
853463
32079
32078
12930504
55818
55819
32071
55815
55816
32072
55810
32074
32077
55813
12933134
829731
12933135
832256
100519249
12933136
64051
12933137
10866
462444
105
432011
57418
836798
12933132
2542067
57412
57410
836797
74237
57414
12931029
100736516
100736517
3639602
91408
67511
824597
100736519
84108
84109
3689
3688
12932072
36338
12932070
20371
84100
3682
3681
36339
3687
84105
3685
3684
836620
36336
64928
817292
36337
64924
26040
64926
64927
26045
64921
26047
26046
810745
345778
810747
810740
11818
317705
810748
58998
10865
22724
126917
854119
854118
3537
854115
854114
854117
854116
182047
854110
854113
313413
2768996
2542918
2542919
828169
138065
2542914
2542915
2542912
2542910
53975
36791
36793
36794
36795
36797
36799
58945
58946
58940
14645
18545
18541
58948
71514
38623
38620
38624
38628
38629
3638950
12933387
188941
12933385
12933384
12933383
12933382
188946
12933380
83452
83451
342666
102774
12933389
83454
12932928
823426
230082
18091
12932923
12932924
12932925
18095
12932927
38198
38199
838226
38192
38193
38194
38195
38196
38197
347734
347735
13144
12933039
12933038
347733
12933035
12933034
12933037
12933036
12933031
12933030
12933033
12933032
67488
727751
138199
40760
40762
40764
45848
40767
3783704
41346
20239
2768685
41340
30292
819212
15114
15111
15110
298584
39574
39577
39571
39570
39573
39572
819219
83872
31748
31746
31747
31744
31745
31742
31743
31740
31741
173362
173360
173364
173365
326216
401036
173369
234353
177873
177870
813086
326214
83878
326215
35916
35914
35913
817956
35910
10947
12931391
2543142
344558
35919
35918
2538
825866
734483
99512
398999
183602
127829
16924
12932992
103910
811299
838324
5548
184463
66367
819932
4332059
822480
819206
180552
831634
4299
4298
180555
945837
4294
4297
4296
4291
4293
4292
218952
818771
18753
813501
177295
818775
446306
373085
2538943
34707
392255
77006
171857
835800
6368
79924
825285
43449
825287
825286
825280
825283
12234
43440
43441
43442
43443
361503
825288
43446
43447
19762
19763
854948
854949
19766
55554
854942
854943
854940
19769
854946
854944
854945
852474
852476
852477
852470
852471
852472
832000
416319
852478
852479
832009
379659
379655
195333
13510
27068
69090
825139
27069
3644807
12931638
42121
12931004
36087
181607
10578
283899
494551
824422
824423
824424
824425
387282
20715
20714
828732
828733
828737
828735
819827
819824
21887
819821
171980
171981
27063
820505
171985
820507
171987
171988
80168
80169
27065
6187
6185
6184
6183
6182
6181
42313
839103
42310
42316
6189
6188
45329
3355123
12932124
48782
45320
45326
45325
853705
853707
853706
853701
853700
853703
853702
10376
828087
853709
853708
10370
10371
10563
855762
176453
176451
678
176458
10560
122953
6238
134266
6235
6234
6237
6236
6231
6230
6233
10566
4961456
295284
2540669
4961452
29367
55765
2540662
2540663
2540660
2540661
2540666
2540667
2540664
2540665
827193
827191
12932273
127
72722
841717
396001
176981
619960
10568
285367
176987
176989
3644227
381379
835850
818
819
2539686
2539687
184922
2539682
2535
810
811
837987
813
814
815
816
817
47137
50779
174588
80838
80834
174582
80837
80830
174475
174585
5267
5266
5265
5264
319934
5261
5260
174473
5269
5268
179607
41151
41152
41153
179603
41155
41156
41157
41158
41159
2539534
2539535
2539533
179608
40203
40202
40201
40207
40205
40204
835711
9164988
620946
11137
11136
11135
11133
11132
395689
11130
2541131
2541130
2541133
2541132
2541135
2541134
2541137
2541136
17984
735158
830518
830517
830515
78948
830512
830511
55726
8738
8739
8736
8737
8735
8732
8733
8731
100009583
114212
287984
238330
50868
55722
388135
50865
50862
50863
32566
66958
55720
12932271
190976
9164985
8837
398503
55332
832857
398507
12930659
832853
12930654
8831
12930656
12930657
12930651
12930652
12930653
176204
284185
5549
176205
245643
64693
23676
729611
12798026
217431
319204
415952
8192
12447
8190
12445
12443
2949
8195
497049
213539
311055
819019
819018
819017
819016
819015
819014
55337
819011
819010
100132103
38360
811159
3361402
143684
54244
67588
12931438
389421
100049767
397856
397857
93706
43324
833729
833728
307850
2946
51806
19247
51804
19241
16211
16210
653505
28423
19249
19248
51809
184307
340146
214162
839732
835078
822566
117294
158345
85481
182474
827940
3639137
12931291
827943
12931297
12931296
827947
433702
12931299
12931298
810502
810503
810501
810507
810505
55768
810508
399379
341676
51571
140657
13733
64499
338467
43163
43162
43161
43160
43167
43166
43165
43164
2532
2533
43169
2531
57258
57259
2534
191318
55821
280758
12934059
837746
5802732
220359
22839
17164
17165
810204
2543098
22832
645000
22836
22837
60443
60442
60441
60440
837745
60445
94112
60449
374111
36808
36809
939
841028
9564
9567
933
9569
36802
36803
36804
674324
840379
69597
339221
11182
190193
100347570
12932646
83579
56882
12932640
18286
3704063
68606
12933639
12933638
12933637
12933636
12933635
12933634
12933633
12933631
12972
254102
125919
68794
12932649
12931436
12932648
850704
850705
850706
850707
850700
850701
850702
850703
380099
56889
850708
48071
653268
19889
11181
831290
9380
9381
9382
841687
841686
841685
67144
9388
841682
67141
841680
100760896
66201
4062
19377
43720
72074
4060
2540300
2540303
2540302
2540305
2540304
2540307
3772007
2540309
4066
4067
26993
26992
12931909
12931908
4064
26995
26994
12931903
12931902
26999
841972
841975
841974
12931905
841976
12934360
172592
147525
840081
12934364
840087
12934366
232989
12934368
24520
840088
29812
24521
3361193
172591
34514
34516
79571
34519
79573
79572
79575
79574
79577
79576
172594
532953
11185
40560
851075
851074
851077
851076
851071
2887
851073
2885
180719
180718
2888
2889
851079
851078
50323
40567
23011
23013
23012
23015
188549
23017
23016
23019
66237
40565
24296
66233
818887
182629
339344
189639
182623
182626
79428
837202
2655042
151525
431998
31399
12933944
3885706
844137
844135
844133
844130
66181
496052
830997
35783
74915
3645980
854565
852672
852673
852670
852676
12798421
852675
813073
852678
852679
393544
14401
856702
856703
31942
31943
35647
35646
856704
31947
31948
31949
35649
35648
145389
818328
2542650
68018
1579
51499
32918
32919
32916
51495
51496
51497
51490
51491
32910
688
693199
212880
56648
56649
54905
56646
56647
41080
4342802
685
57047
91464
183975
140606
23900
41084
34378
2539292
140609
79710
12930863
51148
27217
27215
12930862
181190
181191
51141
181194
51147
51144
12933573
41089
397746
843653
821924
172088
839197
821920
821921
821922
25509
116987
185632
185635
185634
36348
36346
36344
817317
36341
36340
74268
2542627
843870
85460
85461
85463
85464
85465
827091
98417
854638
854639
854634
854635
854636
854637
854630
854631
854632
36904
11993
4889
2542758
81507
855949
855948
2539297
855945
4881
855947
855946
855941
4885
4886
855942
39829
812845
812844
2543148
836616
2543147
39821
2543145
39827
39826
836610
39824
432234
173915
173914
173917
227737
227733
12798529
113277
244281
337880
830047
18997
14235
4838
187907
2876031
187902
824132
90407
38858
18993
854090
854091
854092
854093
854094
854095
854096
37439
854098
854099
37434
37435
3479
37430
37431
12932227
12932226
41310
41311
41316
41317
29928
12932220
84733
41318
41319
84735
12932228
69010
475294
40049
40048
40045
40044
40047
40046
40040
40043
40042
219072
12931366
823623
844063
403313
403312
12931365
552889
400954
3954
851916
851917
40599
851915
851912
178829
851910
851911
40593
823629
231201
40590
178820
178821
40595
40594
33973
33972
33971
33977
33976
33975
33974
33979
830662
837669
208628
234779
38019
17454
38015
5483
38017
38016
837255
339324
38013
38012
12933178
2543206
284348
12933170
12933171
12933172
837410
12933174
12933175
12933176
12933177
31539
31538
834509
2539413
31533
31532
31535
12933015
31536
170392
838470
823657
823650
830619
823652
3361269
5657
830616
5655
5653
5650
5651
326256
326254
326255
326253
326251
646785
838421
838427
326258
326259
822380
12931361
3768663
838476
822389
822388
398027
819252
375607
821374
12932077
2875768
69019
2539751
787528
2539393
47065
173288
819785
819784
6419
6418
360573
360572
6415
6414
6416
173287
90133
839780
36637
57492
812060
842157
842154
812064
812069
812068
170538
26052
173137
838289
173134
835675
173139
173138
835670
838281
838280
184346
822524
822527
83887
831569
831565
831564
177629
177628
822529
831560
831562
180456
819981
81897
180455
5740788
39052
839771
839772
39051
39056
39057
39054
39055
216
217
214
215
212
213
210
211
843168
140596
16765
16763
218
219
81896
245841
389206
77578
12075
12070
839480
839481
132204
2539318
2539319
2539316
2539317
2539314
2539315
2539312
2539310
2539311
21814
43769
43768
446982
43765
43764
43767
43766
43761
43762
305251
2539514
21679
21678
21677
21676
49505
21810
21672
100505724
829652
80243
829651
829656
325
829654
554313
813338
308003
844409
172661
172663
172664
90441
172667
310244
287709
100381153
235497
2542990
824637
135458
838789
200014
100359600
38831
38830
38836
38835
38838
360198
7354381
824631
57778
824630
835230
843530
80283
152404
80288
14828
12932132
14823
285282
622075
14827
14824
175571
175572
4961461
175577
175576
45285
20104
20102
22278
379118
66498
12932131
850408
827548
827549
811211
827541
827542
41055
41054
41057
41056
826639
41052
826635
363140
826637
12933308
41059
41058
826632
286205
12932078
2540149
2540148
2540147
2540146
2540145
2540144
2540142
2540140
44481
40901
44483
44482
40904
40905
29709
2539865
40909
828297
29704
828290
828292
54225
2541818
2541819
11810
54221
2541812
2541813
2541810
2541811
269870
2541817
2541814
2541815
419106
175391
175393
179839
2542874
2540499
2540498
12931305
2540491
2540492
2540495
2540494
2540497
2540496
426673
174626
100009102
174624
174620
3565590
841136
432221
12930197
12930196
12930195
12930192
12930190
12895
12894
12896
12891
729967
3637932
12930198
257632
12931828
12931829
74007
12931824
815329
12931826
12931827
12931820
12931821
12931823
23138
4303
381290
23139
56650
126119
541812
1111
23136
1113
1112
1114
1117
23137
1119
1118
100131971
59042
129831
2731
22612
816206
816205
26508
26509
728774
26502
26503
26504
26505
26507
2541368
2541369
4301
3644385
2541361
201232
2541364
2541365
2541366
2541367
841132
59040
207375
855748
9221799
12930600
843368
834266
834260
72193
843366
843367
843364
843365
51304
51305
51306
51307
51300
39169
220004
51303
104215
134728
51308
440023
148014
12930607
12930449
12930448
12930445
689421
12930447
12930446
12930441
2540109
12930443
12930442
12930169
100041720
12931319
12931316
12931317
12931314
12931315
12931312
12931313
12931310
12930465
828905
817159
828907
828901
828900
828903
25343
817151
817152
828909
817155
25344
829636
817562
253635
340069
729428
3771951
25999
163859
253639
3772101
127795
836032
841199
12930604
64513
64512
64515
64517
64516
668242
29216
348180
21991
836034
117159
117157
117156
117154
117153
117152
10100
56334
99982
56332
2541971
193670
293546
56338
56339
192113
2543436
191125
2769
2768
2543432
2543430
2543431
199731
2762
12930255
31158
191128
2766
2543438
2764
9489
9488
16402
16403
16400
93841
9482
9481
9480
9487
9486
843603
810290
2541979
29647
117536
29644
117531
55806
9731
9730
9733
9732
9735
9734
9737
9736
9739
9738
242
3641963
810313
223723
21335
2543634
49260
24128
376497
844071
55809
21339
844757
844754
844755
723790
22978
844750
839599
12932757
22974
22977
22976
10863
12932752
844758
12932750
211389
3770303
3770302
3770304
10318
2542345
842292
856922
856923
856920
856921
856926
856927
856924
856925
856928
814651
71949
100037138
100037139
12933954
831207
822181
37041
832592
11853
677781
12009
2543637
11855
2540802
2540803
2540800
100316904
2540806
2540807
2540804
80876
2540808
2540809
855579
291852
252875
326133
3061
823748
3067
3066
3065
3064
3069
3068
855576
840127
839433
339175
303456
183343
823664
2540773
91147
169981
34674
843443
12933401
12933402
839430
12933404
34677
12933406
59091
12933408
186190
34676
115704
839596
186197
29361
814655
840194
825414
825415
825416
825417
825413
832596
29458
8437
850515
850514
850517
850516
850511
850510
850513
143458
850519
850518
3361543
29066
495261
29062
495265
832599
814549
29068
23200
66008
23203
23204
839493
57408
23208
23209
66002
66005
66004
34495
34494
34497
362938
498
34490
34493
839591
495
496
12931610
490
491
492
493
855358
177420
177422
177425
177427
279766
177429
855352
855353
816940
855355
855356
855357
31043
31042
31044
180692
31046
31049
31048
5740544
32893
32892
113091
32897
32896
32894
3934
3937
32898
3931
3930
3933
3932
34722
34721
34720
34727
34726
34725
34724
6717
6714
34728
6712
6713
6710
6711
177398
25794
50026
12798294
187311
831403
855559
50178
56013
224020
66118
50170
24468
32769
32768
55529
32761
32760
32763
32762
181253
55521
181251
32766
22153
22152
22151
131377
131375
22154
813137
22158
813130
826671
834019
2543574
826670
24890
57436
55212
2539433
2539680
2539432
12932043
810788
55216
6916
826676
838996
184751
852822
852821
852820
852826
852825
852824
2539015
2539014
2539017
852828
824958
2539010
2539013
2539012
856113
856112
856111
3642043
856117
856115
856114
856119
856118
2539956
130399
165530
816737
54575
2539957
853198
853199
818576
853194
853195
853196
853197
853190
853191
853192
853193
80740
66043
12932048
51146
837868
837869
5036
5037
5034
5032
837863
837860
5031
4435
281099
4437
4436
4430
2542428
2542429
2542426
2542427
246552
2542425
38587
4438
2542420
2542421
153830
67255
130026
318226
2543437
133619
2539959
100506144
85349
140831
140832
140838
824049
41296
41295
41294
41293
41291
41290
41298
390594
824044
172278
232087
172277
172276
172274
39988
39989
185408
185409
185407
185404
39987
2538760
39981
39982
2538763
173894
173896
173891
345062
5728983
317232
84569
35999
100689048
362461
851542
203259
820513
83693
83692
83695
83694
83696
83699
83698
39679
836409
836408
39672
224727
39676
39677
39675
1466536
827535
1466532
1466533
1466530
820746
18830
1466538
831836
30587
831832
172859
831830
172857
175804
172854
175801
4349048
172851
175802
7100
7101
7102
7104
7105
7106
7107
7108
7109
44785
629081
816915
830453
690632
5412
37789
820823
38288
5413
820827
820825
12932418
37608
18788
241688
33589
37601
12932411
37603
37602
18787
33583
12932416
33581
30058
496257
837785
820517
30051
30050
30052
30055
30054
229227
37780
178981
178987
40659
182055
40654
40655
178989
178988
833570
37782
40653
226562
37783
22771
268564
37784
14778
37785
3769707
43261
854101
813903
813900
838291
100505621
819424
3647019
811219
811218
2655409
2655408
68550
2655405
811215
2655400
45784
5591
5590
2768853
2768852
5595
5594
5597
5596
5599
5598
89782
100131196
10349
38208
38209
100363620
106389
38204
38205
38206
38207
234663
38202
398131
174864
3769879
174866
13690
174861
174862
174863
174869
829133
43358
11200
11202
834719
834718
852714
43350
43351
43352
43353
287005
852717
43356
834712
19072
19073
19070
38940
830009
830008
19074
19075
830005
4212
830001
830000
830002
65008
65009
398304
379960
38945
832657
852712
155151
65005
1773
839529
64759
215449
839521
839523
64750
64757
64756
839527
64754
855853
314856
812743
55989
235041
812748
817894
173074
173073
173070
173071
842693
173078
842696
177987
177984
177985
177983
856004
67771
70650
856007
177988
177989
191722
856006
2541848
31845
215194
31844
19696
19697
289608
19692
842344
31846
3771814
14870
16161
42409
830141
42402
42400
46386
832717
16162
832713
832710
830144
52323
11037
832718
9133
396427
9131
396425
7922
836873
9135
9134
10647
10644
10645
10642
10643
10640
10641
176164
441951
176161
12931760
176168
818467
5909
236539
831061
831062
283807
824112
71177
100507739
824114
824115
20807
3770145
824119
80097
80094
80095
152217
665922
54916
362173
254552
80099
176295
12931766
176298
49713
10347
829443
829441
829440
829446
829444
829449
158471
3646767
812630
844788
200909
821697
821694
821691
851628
851629
820128
851624
851625
851626
851627
851620
851621
851623
11991
54583
11992
54585
11994
12933356
179117
179115
179111
2542319
215387
179119
53584
53585
53580
53581
13171
13170
90187
13175
3636096
13176
176834
840452
176830
176832
361585
54059
54058
844340
844343
35370
844345
844344
844347
224829
830827
844348
830825
830824
12931681
20379
20378
824802
824803
824804
824807
824808
2542314
20375
282869
20377
2542315
828311
828313
828314
828316
100769827
828318
828319
67513
216363
12933392
246670
27177
12931688
104326058
395442
66647
66645
148932
833871
826409
293939
12931641
826406
826407
826404
826405
290614
2540758
2540757
2540754
2540755
2540753
2540750
2540751
12931642
833577
29515
630347
217109
23779
1326
1327
1325
23770
815962
23772
1329
23774
446309
8682
8683
59265
8681
8687
59261
8685
216157
8688
8689
268977
59269
27067
119385
92126
92129
840907
319168
174478
174477
35032
35033
35034
50773
27173
12930768
51348
100310785
32568
55728
55729
32563
9164983
32561
9164981
32567
55723
32565
32564
8358
8359
389114
8350
8351
8352
8353
8354
8355
8356
8357
810321
833874
107975
107976
20265
12930481
126326
256130
126321
12930480
126328
7852
142980
12930482
234857
117581
117583
117584
126231
816430
22422
22421
22420
816434
816436
114584
57574
26330
12930681
819155
420398
844295
504785
844294
3603
3601
3600
3607
3606
3605
3604
3609
3608
12933029
2542628
2542629
116988
2827705
2827704
116985
2827706
116983
2542621
2542622
57764
57765
289508
57761
57576
57763
114637
12934203
55894
12933022
55890
55892
55893
171169
55898
817230
2542996
2542997
2542995
2542992
2542993
52040
2542991
817232
12933027
186223
186227
186226
116671
116673
116674
116677
36718
113000
57491
57496
57497
57494
216019
57498
36713
100141360
12932439
36717
21817
24860
21815
828249
21813
21812
810874
24398
810878
945174
16784
828242
817470
19155
817474
27231
821037
237256
12933303
12933302
12933301
12933300
12934009
432229
29775
12930551
444215
2541192
476694
814250
27230
100153862
1142
824530
380785
12931011
9674
9675
9677
9670
9672
841198
223435
9678
9679
824531
810294
269610
810293
854293
42969
1466537
839901
826373
12930760
33748
33749
228829
37043
37042
33742
37040
33744
37044
11194
23513
55727
380251
380256
380257
841440
841442
841447
841446
51265
12932209
68083
68087
68089
418703
430889
67252
811454
184174
12930763
51733
851545
851544
851547
41438
851541
76932
851543
35998
35997
35995
851549
851548
35991
824566
562489
3885983
3384
3385
3382
3383
303200
9172
293938
68558
268566
399158
380364
4215
4214
4217
4216
4211
4210
5740668
811989
45994
5740664
4218
5740660
342897
813582
361055
12932437
41434
361050
12930766
2543047
170742
2543046
77963
432171
39722
79269
34021
34022
34023
34024
34029
79264
12930767
39725
180084
172459
172458
16580
35376
35375
35374
172452
35379
35378
51678
812185
812180
825208
171454
84961
825207
825201
812189
12933117
240239
841576
51526
3361186
291295
25904
25906
25901
25900
25902
2541597
25909
241134
2541595
642273
240660
824403
180331
818698
23433
23432
23431
23437
23436
23435
23439
23438
2541599
181688
838904
2655132
2541598
55605
76936
441631
181686
852163
852160
852161
852167
177217
852168
852169
177212
407610
839635
817801
817806
817807
171908
838906
838907
836737
210035
171900
12931002
74570
171907
855673
855672
855671
855670
855677
855676
855675
855674
855679
855678
6103
182792
6100
839051
835178
839057
12931003
281972
281970
12934207
853789
853788
853785
853784
853787
853781
853780
853783
853782
173462
1466469
55601
3346149
852786
852787
852784
852785
852782
852783
852780
182240
836241
182247
852789
856096
856097
856094
856095
856092
856093
856090
856091
81876
81875
81873
821451
856098
856099
822428
827119
827118
820325
820324
820327
820326
827117
827116
6102
854780
854781
374897
854783
854785
854786
12825
854788
854789
948543
485926
8532
200424
12827
38469
56379
38464
283643
38466
2539607
2539600
2539601
38462
2539603
856320
856321
856322
856323
856324
12822
856326
856327
856329
109676
12933987
70052
947845
12933986
291103
12933981
6327
100043724
56246
12931352
854258
854259
818059
56371
854252
854253
854251
854256
854257
854255
780764
175109
172338
152137
100852407
12931356
172334
172335
172333
172330
36053
12931895
36050
36057
12931354
36054
36059
307799
33263
33262
33261
33260
33267
33266
33264
824739
33269
33268
280750
830598
45906
41484
41483
41480
41481
17901
17904
53443
41489
284459
10252
379378
29093
284451
221806
379370
101060226
53444
44052
9447
812971
29091
44054
2543473
146227
44058
44059
146223
100885848
2543471
229003
319757
254950
54796
2543477
12991
41738
41739
831081
41734
398582
41737
41730
12934551
398585
41733
226849
816899
100009055
16449
174279
174278
40283
40282
178556
40280
174271
40285
813790
818949
839410
818942
818943
818947
831645
831647
6929
6928
734605
6925
6924
6927
6926
6921
831649
6923
8115
55845
7712
7716
7718
100040021
574040
541468
126526
217342
827499
217340
834036
834037
834031
175921
834033
103964
838599
838598
3637098
835341
835340
838591
838590
822235
12932366
829221
829220
822231
35382
14447
822239
822238
839415
12931165
12931164
12931167
12931166
307169
12931160
12931163
12931162
12931169
12933000
28951
28952
28954
28957
28956
28958
777778
838048
12933010
822474
838046
35380
852788
119710
834692
18685
43259
13711
843733
43256
43251
43250
13717
13716
35381
856640
422705
69706
192235
94266
81879
116470
12932430
67834
397940
26559
35386
78988
81790
2541334
81796
81794
821455
60374
60377
414301
60373
832695
828570
828571
828572
828575
828576
828577
11418
828579
201294
834961
201292
834965
830278
821452
813824
830273
51885
821453
830276
830275
832524
94193
94190
839315
839312
94197
94194
832523
150221
100101323
827039
8501
2541338
842062
842063
842061
5150
148362
842068
842069
46027
2953
3646392
46020
821155
824302
162494
824300
821151
12933757
821153
821152
824309
824308
821159
821158
48340
50720
850469
855833
827114
12932431
820869
16873
16872
16870
16876
814725
125997
22933
254187
12143
12142
42618
42619
12144
636931
42613
42610
42616
42617
42614
42615
295161
841606
816999
90025
850788
850789
850784
850785
45040
850787
850780
850781
850782
850783
10439
10438
14231
444119
9304
10430
9306
10432
10435
10434
53627
10436
54934
176315
176316
54937
54930
54931
54932
176313
79858
21749
21748
54938
54939
813691
8969
8968
829762
100348842
149095
12933753
829768
2540389
12933852
12933851
12933850
12933857
12933856
12933855
12933854
2540381
2732686
2540383
2540382
2540385
2540384
2540387
12931983
851782
851781
26918
851787
851786
851785
851784
307947
827659
851789
851788
26914
49968
293860
158866
2539604
388591
70564
2539605
816995
769430
2539606
669149
44315
44317
29497
29496
29495
40471
811301
56951
24212
151613
14571
24211
24216
9406926
24215
2802
2803
2800
2801
2806
2804
37306
1421
1420
1427
1429
1428
58473
58472
58475
58477
58476
179324
34220
175666
34226
179321
34225
751629
34229
175669
179329
79065
79064
178054
178057
843039
35179
178050
178052
35174
35176
35170
35173
35172
197131
2541479
12931554
12933230
3565201
2541470
2541471
2541472
2541473
2541474
2541475
2541476
2541477
825290
91647
825291
852452
369017
34598
4750
3361119
34590
34591
34592
34593
34595
18030
856829
3503
18032
832367
842243
23639
51411
51412
23635
93646
23637
23636
93643
23630
23633
23632
851296
308335
12930358
55635
852450
18039
12930357
12930356
12930351
55636
12930353
12930352
73744
22329
2541560
22320
22321
22323
22324
353326
22327
25679
74777
32257
820497
25673
25672
25671
854938
74778
25676
25675
23989
23988
23983
23980
23984
115825
115827
27293
27292
196264
27290
27297
27296
27295
27294
9887
9886
9885
9883
9882
9881
9880
12931304
9889
17710
2542736
834352
853548
5064
3758
853543
853542
853541
853540
853547
853546
853545
853544
100154987
32338
32339
353132
32330
117464
55915
117462
32334
32335
541466
22589
34440
818051
121643
12931408
75291
12931406
175001
12931404
12931405
26913
12931400
12931401
12930971
12930970
677833
677832
75296
2542739
12930974
832018
832019
816660
816663
816662
816667
816666
25581
817393
26168
25585
100529209
26160
26167
26164
26165
681050
810621
175107
139818
103248629
810628
854018
854019
854010
854011
854012
854013
854014
13528
854016
854017
4800
4801
4802
172195
4804
4807
79801
79800
79803
2542810
2542817
2542816
2542815
2542814
66049
2079
2078
57513
57511
57510
2073
2072
2071
172191
2077
12933760
57519
2074
837126
58864
58865
33469
33468
14129
837120
33465
14126
33467
33466
33461
33460
108946
33462
440176
31263
2768716
817532
5737
817538
817539
36529
36528
3641279
36523
66588
36521
36520
36527
36526
185853
36524
12932849
12932848
5733
823305
12932843
12932842
12932841
825888
12932847
12932846
12932845
12932844
34961
828875
34963
34962
34964
12933235
828874
34969
34968
820759
825885
830592
184952
812237
828871
37909
3643814
379203
11311
71653
202374
66583
280756
184951
54708
66048
504193
813313
825348
855053
855052
855051
855050
855057
855056
855055
855054
855059
855058
326132
171374
171373
55049
853848
853849
853846
853847
853844
853845
853842
853843
853840
853841
12930256
841256
851998
51547
851996
851997
851994
851995
851992
851993
851990
851991
6495
6494
6497
6496
173205
173204
6493
6492
100129118
32844
20422
6499
6498
731
39326
39320
32846
150383
689108
55040
39329
2542218
180985
180986
180987
180980
20724
180982
12930206
5740252
57127
35118
12930205
246522
84969
12934440
12934443
12934442
147040
818219
12934447
814523
45908
12930202
20729
339512
12930200
246525
3598
474156
814524
12933449
856500
856501
856502
856503
856504
856505
856506
856507
856508
856509
67976
3196
3195
815700
9619
3192
3191
3190
830444
690073
375686
547574
3199
3198
2539396
643314
2539394
2539395
2539392
823932
105083
2539391
818634
813624
818631
2539398
2539399
852089
852088
4025
4023
172558
37725
852081
852080
172554
852082
172552
852084
852087
852086
361628
728377
2542320
854869
854868
838204
838203
838202
854861
854860
854863
854862
854865
854864
854867
19400
852333
852332
852331
852330
852337
852336
852335
852334
177007
832328
852338
177003
281831
128637
828362
146225
130888
64925
825779
825078
812396
812391
842782
825072
820515
825077
825074
825075
80179
161436
181767
842787
292
293
290
291
100507303
821796
5008005
43981
819944
819946
820117
43984
819943
828869
42056
42057
42050
42051
80209
42053
80207
80206
80205
80204
100506658
42059
80201
855736
855737
140459
855732
855730
855731
219899
855738
855739
824679
2542323
124599
6192
824673
824671
644353
824675
254956
853060
853061
853062
853064
853065
853066
42327
853068
853069
828167
828166
828165
173783
163033
6198
173788
6199
820112
397317
6372
6373
6374
6375
6376
12995
10141
10140
10143
10142
10144
10147
10146
10148
70247
15208
316732
836318
836317
40982
40983
40984
40986
40987
39265
285203
2538779
835951
176666
176667
176660
176661
835956
830503
100169751
2873681
100169757
100169754
824988
100169758
100169759
184848
12933751
841870
819688
2539516
67393
277250
819689
123811
827328
841873
51091
827321
2655036
827323
80975
2655031
80977
841875
818393
100043084
1621
1620
1627
5187
170840
12933254
820426
1629
5189
304809
170848
22185
179522
841878
179520
57095
179526
84272
84273
84270
84271
2539477
84277
84274
2539474
728441
178692
29969
2541675
2541672
40369
178695
2541671
40367
40360
40361
2541678
40363
14247
14245
14241
14248
5458
1198
124935
1191
5451
5452
1192
1195
735055
1196
19893535
853718
175315
100009050
853719
2538968
56344
395835
399396
399391
395832
395833
12932745
395839
174275
12933752
178555
12930119
12930118
12930117
40287
12930115
12930114
51092
3640817
83725
83721
83720
83722
83729
838383
26659
441400
16579
16576
23871
221895
114601
79673
80723
318833
80724
127247
5100
306400
16573
7694
7695
7696
7697
7690
838388
7692
382062
819113
16571
7699
819114
819115
379413
643008
828988
946234
828981
828983
828982
6228
295607
664799
319468
5106
18763
379
378
7520
12931643
12931644
12931646
7525
12931648
283229
7528
7529
375
374
377
19366
2540851
19364
842450
842457
19363
842455
19361
842458
15414
2540852
15415
835132
15416
395853
100049152
10970
10971
10972
10973
10974
10975
10978
10979
255812
389677
23874
6920
12931396
2540675
304315
64848
12931392
15412
12931390
161452
64843
64841
15413
64847
2540677
64845
64844
810421
7711
810423
810425
100041342
302415
810429
16485
16480
12931550
1466410
2540673
12931551
423211
12931552
2275
2274
2277
12931553
2271
843503
2273
2272
64599
56532
9760
81619
81618
9761
2542143
192091
312965
56531
43040
43041
43042
43043
443936
810399
40665
827182
810393
443938
17283
56911
94015
56913
17287
56915
17285
841220
56919
9768
117608
4961442
100416116
14202
1466415
2539704
42664
9403
9402
9401
9400
9406
11625
9404
9409
11628
57062
444295
57060
2540813
810341
2543230
2539918
127254
17758
64337
12930939
12930938
64333
64332
17751
810344
27967
27966
17755
17754
12930933
24176
2543225
2540888
114836
835848
14200
8621207
246329
2540883
2540880
2540881
2540886
2540887
2540884
2540885
826807
300111
826803
254065
180657
148534
214952
122809
186111
836506
824534
824535
824536
373126
20463
20462
816911
20467
20466
66092
301442
67023
67025
347365
808
14325
3771470
2539692
837998
829080
850599
850598
2540268
2540269
850595
850594
850597
835342
850591
850590
850593
850592
837995
368249
37942
176504
176507
176506
37946
37947
37944
37945
101926895
37948
37949
245940
54749
143187
79639
34419
12931111
79632
34414
34416
34411
34410
34413
34412
4961504
814895
814896
4961507
194655
833475
12932332
814893
67684
67685
818790
814898
4961509
12934139
12934138
24392
24391
114876
50246
12934130
180616
187645
12934135
180611
180612
180613
375449
433256
188423
66371
66375
839388
3361329
440184
153020
3361323
189773
3361327
221092
67978
851205
67972
67973
100514319
107260
851248
851249
66085
66087
187390
851243
851240
851241
851246
851247
851244
851245
23288
415
844277
2655301
410
411
412
23281
23283
23284
23285
23286
23287
852531
852530
852533
852532
852535
852537
852536
852539
852538
832032
12931168
856621
856620
856623
856625
856624
856626
856629
8805
12932932
80829
2655309
80034
2542813
39727
51599
12930259
32819
32818
55038
55039
55036
55037
181567
55035
32817
55033
55030
181562
3638518
1775
424891
2542138
2542139
100289097
1774
2542134
2542135
2542136
2542137
2542130
5276
2542132
2542133
856199
856198
8807
35452
35453
856191
856197
856196
35454
856194
220323
51626
817648
51622
51621
353345
5273
838672
51629
815850
27158
27159
27154
27156
27151
27152
27153
691903
233977
821801
821800
821807
821806
821805
5279
74107
37520
853668
853669
853666
853667
853664
853665
853662
853663
853660
36227
832033
12932112
139135
9164878
9164879
9164876
854362
9164874
9164875
9164872
2539523
9164870
9164871
813119
291981
14366
37526
2539525
37527
830642
80031
39904
39905
39906
39907
39900
39902
39903
824443
138311
39908
39909
32104
32107
32106
32101
32100
32102
77040
836154
836156
32109
32108
4045
173818
173819
830120
3995
2542470
79954
173810
173811
56077
835179
56070
257364
837994
836485
57305
36488
2539700
836481
320713
36484
36485
36486
36487
36481
836488
810987
810984
822809
810983
100626738
9103
84074
33059
37579
37578
84070
75273
84072
84073
37573
33051
37571
37570
37577
37576
33056
37574
732625
41219
209361
41217
41215
41214
18764
41212
41210
830127
40168
40169
40167
40164
40165
40162
40163
40160
37681
182136
37683
14083
37685
37684
37687
14087
37689
37688
67306
182139
12932490
12932491
12932492
4951
3229
12932495
12932496
100338694
3225
4956
3227
3226
3221
837687
3223
837685
850924
850925
850926
850927
850920
850921
850922
850923
837990
850928
839515
137209
54497
13712
58175
178903
178901
37992
178904
813987
837356
837357
230249
43253
837353
842798
837358
3885982
54491
38758
38756
38757
38754
76779
38752
38753
38750
38751
34888
34889
34882
34883
30501
34881
34887
34884
34885
830500
18163
18160
15565
17995
5519
5518
38286
38287
38281
823515
38283
5511
5510
823518
5515
5514
5516
855156
855157
855154
855155
855152
855153
855150
225523
855158
855159
537
309197
535
534
533
12933724
12933727
11103
12933729
837659
819352
819353
539
538
416939
8361
76192
11104
109880
837654
12933629
109889
6518
6519
119180
145447
24110
6510
6511
6512
6513
6514
6515
6517
814663
814662
811293
171500
298696
171503
39481
39480
39483
39485
39484
8706
440248
50486
842612
815134
24113
842617
842616
229841
51042
39157
39156
184267
8708
39153
39152
177908
39150
177906
177904
39159
39158
31361
31362
35860
35867
35866
35865
35864
31369
16648
16649
835447
835444
74841
16644
16646
16647
831354
832693
373647
136853
832690
170463
38911
811834
2539219
2539218
69504
53857
84812
2539211
84811
84816
84817
2539215
2539214
342926
73247
57373
110789
824609
8674019
12930288
852276
852277
852274
852275
852273
852270
852271
829119
75234
813475
813474
852278
852279
43535
43530
43531
43532
43533
172747
172746
821346
172744
43538
172742
172741
821343
834962
57379
11419
53859
72630
834960
433283
223828
353115
12933621
100289635
41972
41973
41971
41975
281667
397519
33608
3644974
221294
18209
90273
125893
254268
14786
362245
235623
833840
33607
235626
51666
145873
12930629
396435
37387
14783
37381
124411
20669
37382
51886
20662
20661
824735
175430
20666
20665
353116
828649
828642
2540276
828640
827428
824603
820438
80018
80019
80017
80014
820436
80012
820430
80010
128710
48440
12930622
48445
48448
56031
824889
304900
2540068
2540069
2540064
832520
824882
2540067
2540060
2540061
2540063
7301
7306
7307
7305
828390
828391
828392
56034
828394
828396
51324
173595
11910
173597
54502
173591
54504
54507
173592
54509
54508
173599
59150
643617
237082
59157
175297
59159
175299
12933500
79986
824919
417956
417950
25466
36265
174745
174744
174747
174746
174743
231887
225326
442985
8609
15929
2538857
8602
8603
8600
8601
8607
8604
8605
834330
547924
126017
221833
541915
826482
826480
1018
1019
826484
1014
1016
1017
1010
1012
1013
9221775
85301
216856
829930
216850
829936
829935
74142
2541004
824929
2541006
2541000
2541003
2541002
2538859
2541009
2541008
824844
3565999
266820
319594
11007
11006
834138
11004
30850
328440
300303
151176
101739
812238
417044
834182
50999
834184
834185
136319
114505
385253
2541497
50995
51021
51020
51023
51022
51025
51024
51027
51026
51029
51028
214987
111482
824847
38427
398474
12931051
110355
12931053
5007673
282370
110351
289584
12931056
12931059
12931058
3636839
834459
217721
242274
843851
108903
834451
834454
729500
734196
734197
318646
734195
25152
25150
817745
817744
817746
817748
25159
231532
729230
842553
404636
818006
5802828
21898
440387
259249
21894
21892
56271
56270
56275
56274
12933339
56278
10838
818005
2543573
853994
2543571
134526
2543577
2543576
2543575
855108
2543579
2543578
12933792
444298
16363
16362
12933793
16367
117361
16365
16364
12933794
117368
117369
51203
816936
97243
12933796
2538721
12933797
2538722
387254
819303
2538723
100041194
12930565
2538724
12933009
53319
2872696
819300
832122
2538726
53311
53310
53313
53312
53314
53317
853999
810218
177546
810216
100287898
192254
1832
56894
1830
1831
1836
1837
56893
56892
1838
1839
56899
56898
192666
81004
81005
192662
2539708
818001
192668
192669
851893
851892
851891
851890
851897
851896
851895
851894
851899
851898
814728
178357
100036964
40803
301245
12930878
12930879
824849
12930870
12930871
12930872
12930873
2541892
12930875
12930876
40804
36974
36975
36976
841113
44380
36973
42398
36978
841118
12931802
2541893
3885908
3308
3309
3306
3304
3305
3303
3300
3301
143884
12930317
303553
303554
100355504
837823
143888
947679
12933523
12933522
12933520
12933527
12933526
12933525
113990
12933528
2541948
2541949
840799
2541940
2541941
2541942
2541943
2541944
78757
2541946
2541947
281139
850410
850411
850412
850413
850414
850415
850417
850418
850419
3361420
6768
29382
29381
29386
29384
216443
503618
216440
622
727910
855418
627
812109
624
23125
629
23126
221074
23122
446599
343637
72180
72183
2540578
841602
2541894
12798263
2540579
25989
25988
816822
25987
25980
25983
816824
31162
31163
31166
31167
338785
31165
839235
31168
31169
679835
850786
15567
833733
446625
45041
446620
79400
840424
179096
3872
3875
3876
855541
855540
855543
34608
855544
855547
839238
855549
855548
380017
29960
34601
326122
224105
92609
307351
24586
642585
9308
50032
2542835
24588
55209
55208
32608
838988
838989
15400
55201
32603
32601
32606
32607
32604
32605
834564
29236
22294
22295
189522
53623
189527
221079
841665
238799
151230
829891
10437
57242
9303
843185
176314
54935
200350
57247
54936
2543617
440503
816178
852708
852709
38976
852707
852704
852705
38972
38973
852700
852701
15405
817883
31838
31839
856018
856019
856016
856017
856014
31837
856012
856013
856010
856011
853259
93550
853253
853252
3885988
853250
853257
853256
853255
853254
854708
854709
443710
854700
854701
854702
854703
854704
854705
854706
33019
2542309
100301531
186872
186873
4577
2542303
2542301
2542300
2542306
2542305
2542304
8420
285242
829764
287571
181065
181060
181062
401152
85264
181069
128553
103784
837918
838171
838170
817227
817221
574031
25218
837919
4701
185520
74318
12933781
42979
135886
42975
622339
42972
42971
42970
12933853
203111
41408
41409
41406
41407
41404
41403
41401
39737
39736
39735
39733
83957
83955
447121
836729
71361
12931281
836722
39188
362993
836726
836727
836724
1466473
1466472
1466471
1466470
1466477
33158
1466475
2540380
33155
1466479
33156
12933859
827970
12933858
831976
831975
12912
3077513
12914
12915
12916
3077517
7023
7022
7021
7020
7027
7026
7025
7024
7029
35835
342346
71093
71091
71096
12931982
180827
54923
399106
35837
399100
26919
32707
84607
12932359
37729
12932353
37723
12932351
37721
12932357
12932356
12932355
827655
30718
9831
12931985
12931984
7799
7798
271036
221472
26912
7791
362857
12931989
653234
375133
12931988
440087
100346743
307940
40467
811315
40464
811310
40462
40461
812460
811318
811319
40469
40468
856830
856831
856832
856833
856835
856836
856837
856838
856839
359948
14544
823498
38128
15490
15492
15493
38121
38122
38125
38124
38127
72843
171715
174942
31447
100127281
31441
287633
31443
171712
13798
31449
31448
825890
825892
11321
11326
825896
11325
828867
11328
11329
828862
361317
834616
834617
830768
823721
5728
5729
838513
838512
19139
838510
5723
5720
5721
830764
5727
5724
5725
155054
100738351
2873041
142891
842794
842795
812667
812666
842790
812660
842792
812662
2539068
22258
812669
812668
11496
12931499
12931498
259300
100125653
2894
819672
819677
819676
819675
819674
26404
2538974
2538977
2538976
2538971
2538970
2538973
2538972
26406
240505
29491
260434
42564
12931491
42567
16569
42561
42562
12931490
16565
814915
107449
16561
16560
16563
40615
81709
12675
12677
178940
727803
832613
832610
832611
177719
40619
177715
832619
100678
177710
11238
396544
7803
7802
7805
7804
100125650
191573
832034
43151
191576
814939
3637246
42693
42690
42696
42697
42694
42695
67724
831143
818781
818784
831145
24213
245934
829099
317946
284297
64147
64144
839399
839396
43159
839392
839393
80196
80194
80199
80198
362036
3645250
149013
176399
102602108
176395
176397
176390
176391
342979
45510
818253
818250
818257
353376
824383
162417
824381
2805
824385
824384
851709
851708
58478
851703
851702
851701
851700
851707
851706
851705
851704
1933
2703431
2703432
1937
1936
2703436
948221
2703439
1939
1938
190226
58164
179013
179010
179017
84390
3641751
818488
14732
170900
299739
112609
176970
56187
14955
2745966
14950
54318
54319
17172
14958
246627
246624
2542555
844429
246620
246621
3635878
112885
5045
844422
844423
406836
501403
824969
17179
324015
824963
38798
5042
11230
733148
79068
828059
175661
828051
34227
930
5007668
148870
175662
285622
175849
56188
256691
12933784
216136
216134
216131
79066
29419
40879
40875
40876
40877
44391
40871
40872
44392
169355
1209
1208
839903
1207
1201
1200
1203
203069
2540565
59341
179902
59343
2540561
59345
2540563
2540562
59348
59349
150921
281066
2540569
2540568
814629
3644596
399665
399664
174530
174531
2541519
174535
78829
12930689
12930688
36819
12930683
12930682
814394
12930680
12930687
12930686
12930685
12930684
829876
829877
8419
829872
2538729
8412
8411
8417
8416
829878
829879
2541478
221443
9808
9807
9806
9805
9804
9802
9801
89876
89874
126206
66454
89870
18127
841033
5550
816377
12930530
12930533
12930532
12930535
18125
12930537
816370
12930539
12930538
18124
58222
430689
26470
26471
26472
104816
2541214
2541215
2541216
12931482
2541211
2541212
2541213
2541218
2541219
12931488
5558
32444
32446
32441
32442
32443
51209
32448
2539129
72927
98366
423504
2541518
2542549
2542548
38243
2542541
2542540
2542543
2542542
2542545
2542544
2542547
2542546
203062
842995
398174
19663
114770
114771
114774
51200
823557
842961
55992
842966
842965
823556
104360
55998
104362
842968
2542893
79892
2542891
79882
79885
2542896
2542895
2542894
79888
2542899
2542898
79891
3640523
2542884
116725
57599
57597
57596
57595
57594
57593
57592
57591
57590
24907
64425
64424
64427
64426
64421
64420
64423
64422
819393
64429
64428
227157
301563
100037950
100132406
100037957
819399
12933624
12933625
387357
5726860
2617
2615
12932383
100149029
20955
2619
2618
2539126
841099
841092
841093
99100
841096
841097
834754
12933789
834757
820236
56227
294790
12932599
12932598
293165
282072
12932595
12932594
12932597
12932596
12932591
12932590
12932593
12932592
841326
841327
841321
2540978
2540979
2540977
2540974
2540975
2540972
2540973
2540970
2540971
9028
9025
9024
9027
9026
9021
44238
9022
37253
37250
37256
226409
37254
37255
24015
37258
37259
24010
24012
22889
22888
3077354
3077355
1609
2539644
22881
22880
22883
22882
22885
22884
22887
2745981
814784
814786
814787
814780
93649
822033
822036
822034
1608
180909
830048
180904
180906
180907
180901
180902
300160
340348
30154
76308
68212
157310
157313
399694
68215
31286
4312
4313
31283
811669
4316
31280
4318
4319
811661
67444
18777
856588
856589
37874
37872
37873
37871
856580
856581
856582
856583
856584
856586
37879
101154638
3117
3115
3113
3112
3111
3110
12930355
115416
229658
222389
12930354
100359642
3896724
81910
295214
232944
838690
232946
84255
3648208
64434
838691
2590
124446
91561
64430
4333860
2593
203228
20630
25824
25825
25822
25820
25821
186536
374403
25828
25829
83620
180278
66711
66713
431943
218506
23378
23379
188040
23376
23370
23371
23373
13627
73748
828613
852001
852000
852003
852002
852004
852007
852006
852009
852008
177557
397039
177551
177552
171867
171866
828617
853358
853359
853356
853357
853354
853355
853352
853353
853350
853351
366310
6668
6662
6663
6660
6666
6667
6664
6665
839159
221120
397785
839156
839152
15976
100170841
618684
610457
173707
838184
12933661
94086
43901
51371
821718
43905
43904
43906
821712
821717
140901
140902
140908
140909
820042
820046
75744
66368
825823
80060
100128927
2539169
2539168
842656
852919
852918
852917
852916
852915
2539162
852913
852912
852911
852910
4961488
6041
856209
856208
856207
856204
856203
103242013
856201
856200
231997
947921
68817
68810
822551
854519
854518
5108
3885758
281160
854511
818312
854513
5101
854515
854514
854517
854516
2540334
172078
2540335
172074
839840
172076
839846
839844
172072
836395
36398
36399
836391
836390
36395
36390
27291
36392
836398
830493
837446
285429
33349
837443
33346
33347
837448
380698
3885777
33343
838182
308051
134492
844384
360949
2540338
100751524
2538698
2538699
36648
36642
36643
44155
36641
2538694
218397
36645
2629
84410
4794196
300965
8287
113802
84418
84419
41679
41671
41670
41673
41672
41675
41674
843721
41676
9582
836244
842218
10019
388569
178619
7352
844381
178612
178610
178616
178615
178614
76464
836243
818860
836242
76469
15519
175938
819190
831720
819197
819194
831724
15511
16600
831729
15512
15516
3885728
191624
174044
841085
171039
24547
836248
38528
37117
37116
37111
791454
37113
37112
399314
399317
37119
367562
664713
486507
838492
838491
259434
844382
822375
822376
822378
836341
44849
44848
44843
286319
217578
3885727
2870328
127428
283337
819734
318210
2876440
12772
819731
261629
819738
827827
827826
2539908
69875
827822
2539903
2539902
2539901
2539900
2539907
2539906
34502
364686
12932561
835402
312477
12932583
55914
5689
5688
5685
5684
5687
55916
5681
5680
5683
5682
2703388
2703389
2703382
12932580
2703384
395688
844267
3885722
2539253
843585
81693
80149
81691
834809
11519
11518
12932581
50497
11514
834803
834802
834807
834806
830139
5979
5978
3885723
838721
65172
838723
5973
5972
5971
5970
5977
5976
56998
154197
839457
831315
839450
839453
839452
56990
17202
56992
56993
60528
60529
94091
56997
100653503
2539488
84858
84859
84619
842187
2540902
834764
821050
12931705
821052
70427
821054
821055
69125
824029
821058
824027
12931409
814988
824020
3641829
12931407
12931701
3642272
42717
42716
42715
498109
12931703
42710
842237
826884
826885
42719
831267
831264
231834
831261
832754
831268
399462
850669
850668
850663
850662
162605
850660
850666
850665
850664
9229
9228
9227
814985
9223
9221
9220
54870
54873
54872
54875
54874
32387
54876
54879
54878
815055
829685
829684
829686
829681
388962
829682
66229
12350
12355
10260
53471
10262
53473
12933952
23062
10266
10267
10268
10269
283897
12933958
12933959
367218
245596
827597
827596
827594
827591
157556
49808
49809
142678
176588
387882
49803
49806
49804
49805
12798126
380351
829536
829535
66222
829531
380358
2965
2967
2966
2961
2960
2963
2962
24784
814817
2969
2968
827049
851139
54296
24067
3354918
54292
851130
851131
851132
851133
54299
851135
851136
851137
653220
79146
819126
79140
79142
79143
68988
79148
79149
822465
179202
175582
179200
175584
13000
175586
179204
175588
179209
13008
2541535
178151
178152
2541536
2541531
2541530
178156
2541532
178158
178159
2541539
2541538
838624
54123
2539749
54127
54126
54124
844268
68193
20204
68192
20200
20203
91768
20209
256158
283219
22897
67604
67607
68197
67603
68196
175056
175054
843919
843918
818422
12932114
843911
843915
843914
843917
93728
51510
51513
51512
294988
51514
51517
23576
79949
103226055
59067
380820
59069
55831
24782
3772547
322221
126433
18414
3361295
729211
821303
821910
35727
35720
73178
92235
821307
35728
398609
100365943
5184
680955
74187
93185
48343
93183
1466491
843197
223254
223255
98758
12933785
839109
75767
34010
12931561
12931560
12051
12931562
12931565
12931564
12931567
12931566
12931569
12931568
266629
821812
1043
32189
839108
5360
32183
1466493
12798488
816506
1040
816502
101928492
1047
12798482
816509
821813
1046
26207
26206
26205
5364
100113359
1044
1466492
34313
299971
100529129
100529128
77799
854357
854356
854355
854354
854353
854352
854351
854350
21969
21968
854359
854358
12932142
12932143
12932140
12932141
56381
34310
3739
3738
3737
3736
3735
12932149
56389
3732
3730
4923
4922
4921
4920
4927
4926
2130
2131
79922
79923
4929
4928
837867
2138
2139
2543263
2543261
115004
2543267
2543265
2543264
12930243
432448
837602
79809
837600
837601
837606
329064
837608
837609
14004
106298
34316
5728555
4803
222484
1288
817675
36405
36406
817676
36400
36401
817673
35677
232333
100041831
817679
36409
4808
856774
4809
192136
113130
57380
35673
31290
79802
1466499
35670
856596
79805
856770
34314
34803
34800
856594
34806
34807
34804
34805
34808
34809
4306
12933233
2543486
1466498
2543484
2543483
2543482
2543481
2543480
12933239
12933238
83523
57515
286827
446997
57514
856779
304791
31958
647013
316369
10605
10178819
815959
823594
850300
850301
850302
850303
850304
850305
850306
850307
850308
850309
6840
6846
6847
6844
6845
347688
814370
814373
2070
853969
853968
853965
853964
853967
853966
853961
853960
853963
853962
33635
840063
33630
33631
18256
33638
33639
71461
840065
6590
6591
6594
6595
6596
6597
6598
6599
234594
817986
39400
39403
39402
39405
39404
39406
39408
822172
822173
837122
835217
31671
78943
4347672
171586
31679
171580
14127
112770
23476
54544
115207
115201
34119
339416
34114
34115
34116
34117
34110
34111
34112
176782
32905
14121
12931481
403398
331623
224619
12934278
12934279
856469
856468
856467
856466
856465
856464
856463
856462
856461
856460
3092
3093
3090
3091
3096
3097
3094
812434
3098
3099
815422
812431
84892
374618
2539291
2539290
84896
84897
84894
2539294
816997
813744
40701
816994
816993
813740
816991
816990
4101
4100
4103
31095
4105
31093
31090
4109
4108
31098
56656
2542204
2542205
838120
106585
106582
838127
838125
380702
838128
812996
56659
72349
839293
177329
839297
34457
839295
839299
177321
12934180
180722
306157
361474
17341
812290
825338
185138
120939
825331
825330
825332
825335
825336
241627
175470
175472
832179
179150
124149
832173
832172
832171
832170
832174
3636052
130617
842809
128821
128822
855475
855474
855477
855476
855471
855470
855473
855472
4616
855479
855478
427468
828580
821521
821523
821524
828468
821527
853149
853148
853147
853146
853145
853144
853142
853140
300744
12934185
42269
42268
42267
185851
42265
42261
42260
6039
6038
6031
12933835
6037
6036
6035
10062
10063
10060
10061
10066
10067
689805
10068
10069
320267
7388
7389
836212
836213
7380
7381
7386
836217
7384
7385
140618
176749
173518
176743
176742
176740
173512
1990
176275
44291
827205
827204
843477
44297
823951
305506
42843
42842
42841
42840
42846
42845
42844
2655170
42849
42848
2655175
398412
2655176
84337
823963
84335
84334
170961
84332
84331
84330
406891
155459
2539738
4485
4486
4487
203427
4481
4482
315608
2539730
2539731
2539733
4488
4489
2539736
2539737
2541733
2541732
2541731
2541730
2541737
381319
2541735
2655284
79038
2541739
2541738
309147
291078
12933830
64013
10686
821915
12930897
246274
5319
5318
20878
246273
5313
5311
5310
5317
5316
5315
5314
179779
67474
70472
832297
175210
179770
12930898
179775
175217
388339
2541089
2541088
779134
178421
2541087
178423
2541081
178425
178426
832293
17874
17876
17877
10826
69028
17872
17873
11083
11082
11081
11080
843474
17879
11085
8674077
394249
185623
440533
55102
29844
83642
29841
83640
29843
36376
83648
118471
834109
118472
126638
66827
126637
834103
66822
25576
831887
831884
831885
831882
318977
820161
831889
100770326
420519
842885
432442
842880
826942
266646
266645
842888
16691
425416
259571
812328
12578
12933839
12572
12571
12576
12577
12575
50912
50913
12931761
843282
7409
7408
50914
50915
7405
7404
7407
12931768
3647559
7403
7402
19082
117056
19085
19084
19089
19088
641700
161253
255919
397924
397925
397927
69131
829317
829315
327799
397928
100137718
6902
28834
833655
12236
833656
348793
835761
155435
835766
835764
835769
816946
102724820
158234
2330
2331
2332
13626
843421
2335
192192
192193
2339
307548
13629
225689
396248
180601
201456
100507118
302688
446792
116969
247841
815283
379837
7354473
124808
56816
59117
56813
416882
43673
43672
2488
43670
2487
679739
2483
43679
167153
57148
70598
12931799
830302
573110
63953
32311
57142
57143
57144
63959
57146
852039
64077
52668
107656
64072
830401
852035
218693
116092
298203
9562
12931791
328971
12931796
116843
12931797
12293
177566
2543155
235542
220988
12930884
812854
475143
116840
218333
171379
352910
3643645
20501
9166
821587
824270
178208
12930887
148789
116841
446538
64065
830402
42106
851819
42105
42103
42100
851813
851812
851811
851810
851817
171818
851815
851814
16969
269003
3355144
3355145
3355143
850498
850499
10541
10540
3669
10542
850490
850491
850492
850493
10549
850495
850496
850497
168391
842508
29300
29304
176260
8816
54622
176263
8813
8812
112574
54627
176268
54629
840240
10584
8819
8818
179431
116844
835286
179436
179437
30877
179439
34354
34355
34352
440822
34350
34351
15387
6491
15381
816235
187769
15382
12934074
12934075
12934076
12934077
338707
12934071
114932
838813
2542863
841065
147495
143379
67832
67830
15388
67839
67838
92689
32057
7354404
734277
839593
239667
12273
851369
851368
58506
58500
58503
851361
851360
851363
851362
851365
58508
851367
851366
72103
1519
1515
1514
443593
1511
1510
1513
1512
10527
145407
734278
10526
35089
35088
100302368
10524
35080
35082
35085
35084
90139
841757
10520
397799
34684
34685
34686
55178
34681
34683
844042
55172
55171
55170
55177
55176
55175
55174
2542079
2542078
35555
35554
35552
35550
2542071
2542070
56480
2542072
440587
2542074
56484
2542076
124936
839142
10528
55107
68151
51700
32683
32680
181351
181356
51705
32684
32685
55289
55288
32689
34625
397796
22214
22215
22217
22210
22213
836599
397970
22218
110829
183844
183841
27367
27366
9164939
27364
78998
78999
27360
78994
9164932
9164931
9164930
78990
78991
78992
27368
53554
55281
645996
182850
17069
12934444
853436
853434
853433
853432
8870
25297
853439
853438
55825
32027
55827
8872
32022
32020
2543380
2543381
2543382
836053
55829
2543385
32028
2543387
12931818
64066
2542383
56731
2542381
2542380
2542387
2542386
56736
832082
56739
42828
2542388
57463
57462
57461
362912
2543036
57466
57465
57464
2543038
2543039
55282
12930720
84102
40633
84131
84133
84132
84135
84134
84138
816719
829412
26017
26015
26012
26013
26010
26011
12932230
64919
26018
26019
100534589
820940
432298
317754
41307
55284
432295
84706
373856
182077
2543374
810715
810712
3508
2542925
2542924
77733
2542921
2542920
84687
3501
84685
84684
84681
84680
850803
855870
855873
855872
850807
855874
855877
855876
855879
855878
850809
850808
203197
12933970
64146
18598
84106
14633
14632
14630
18596
285855
14635
14634
172952
30465
38658
172957
172954
43913
38653
38652
172958
172959
38657
38656
38655
38654
83481
83483
83486
817910
33847
33846
33845
33843
33842
33841
33840
18049
33849
30794
12930208
6240987
343071
40751
727
828070
40752
40755
12933001
720
721
12933008
6659
728
729
12933974
182929
825812
825814
825815
825817
827702
6658
41839
812570
819549
827706
827707
29090
812575
77945
811393
234366
57435
842719
319554
842710
842711
842713
15270
15273
173338
15277
173335
173334
173336
102724560
173332
39210
416874
39212
39213
39214
39215
39217
39218
39219
177826
177821
177820
854699
35949
35944
171794
35946
1369
35940
35941
171793
35943
19718
349667
101060200
835567
19713
19712
398949
12933659
19716
687506
79006
177797
84916
84915
831412
84913
84912
84911
831416
831419
816478
84919
177798
664618
811973
811974
2539390
839644
822453
184451
822457
219285
180568
2539178
17912
854695
818636
12930368
373073
348801
348807
852968
813623
249663
818709
41833
4685
829019
818701
818702
818704
818705
829012
4733
4731
43475
43474
4734
4735
821222
4738
4739
854915
854914
854916
854911
854910
854913
854912
854919
854918
1466486
172174
172176
4688
852429
852428
852427
41836
852425
852424
852423
852083
852421
41830
825107
825104
810647
3644838
379685
833928
93705
7881
57175
833921
4029
101543
7884
101540
20744
20747
20740
20742
20743
122961
379532
244666
244667
824479
824478
821488
821485
824470
124751
821480
828769
828768
828765
11739
828761
828760
828763
820578
140432
499088
140439
12306
856275
820574
820576
80114
12931690
823882
823884
829246
10385
5116
10383
10382
10381
10380
5111
252857
10389
252853
232286
7268
7265
7264
7267
7266
44643
7260
7263
7262
6204
6205
6206
6207
54427
176468
6203
176466
55766
176464
6208
176463
2540653
41168
2540651
2540650
161475
2540656
2540655
179639
41161
41160
2540659
41162
41165
41164
41167
41166
2541644
4961469
680427
4961466
4961465
4961464
32525
390664
734487
388818
362504
12933188
55769
836012
51061
178320
178325
178324
813895
2745879
363707
19401
813894
3642862
54392
854866
285331
134553
3564809
2768865
18028
179981
832320
3564807
2745872
397707
832326
68052
832327
2655328
832324
493810
426563
832325
2655324
2655325
100043797
2655327
2539507
2539506
2539505
2539504
2539503
2539502
1759
2539500
1757
1756
1755
818084
818083
818082
2539509
1750
281832
836116
179499
2543035
175777
232288
810649
34331
414672
178583
175991
178581
1285
1284
1287
175774
1281
1280
830520
1282
11164
11165
11166
11167
1289
11161
25963
179493
8764
8767
8766
8761
34992
8763
821983
545182
175994
13589
28232
414585
414589
100301925
66980
834532
2541298
2541299
842095
2541295
2541296
2541297
2541290
258010
2541293
300674
2525
8493
12930602
8491
8490
8497
8496
8495
832808
8499
8498
145567
832801
171671
100341057
181329
35067
4961485
31541
28986
28987
28984
28985
28982
843834
28981
834313
834312
834314
28988
28989
51278
830621
67788
11867
51270
51271
51272
51274
51276
51277
819026
318721
830622
819022
733686
819028
84795
825071
304007
25059
25058
836651
25054
120425
817021
817022
817023
837456
12934033
56132
56133
64782
54868
56136
56137
56134
56135
56138
56139
734303
12930359
2543630
2543631
2543633
386629
2543635
2543636
191329
2543638
2543639
386627
57261
12930283
682105
835046
835045
117247
117246
117245
210145
3361117
205860
270106
186045
12931268
12931269
69981
257397
12931262
12931263
12931260
12931261
12931266
12931267
12931264
12931265
38395
12933800
9538
9537
9536
9535
9534
9533
9532
9531
9530
12934369
398063
213742
12932515
8616573
12932517
12932516
12932511
12932510
12932513
12932512
12932519
12932518
34613
268591
4331445
81767
81766
81768
36676
24099
22801
22800
22803
36674
22807
22806
22809
22808
443628
836658
822398
116113
94167
39883
339366
341392
36670
16650
445271
36831
36830
36832
841014
2697
36838
2695
90678
2692
2691
2690
54985
54984
54987
360950
