838436
854185
398061
823667
38391
822391
822396
819248
819249
4257
819244
819242
819240
819241
677823
378430
378435
4256
50259
414523
6402
6403
6400
6401
6406
6407
6404
6405
173293
813722
173296
9719
72895
819798
187005
819791
819793
66078
827178
812074
812075
812076
842124
835871
842121
842120
50251
3637403
771124
842129
173124
173125
173120
173121
838297
835664
50252
820385
835660
177636
177637
177632
177633
820383
231151
830464
39049
39048
2540406
839749
839748
287191
400389
39041
39040
39043
820380
39044
5740790
19921
203
202
205
204
207
680102
208
22995
12042
12043
12044
12048
2542439
2539301
75580
2539303
2539302
2539305
2539304
2539307
245972
2539309
2539308
826384
22990
818685
818687
818686
43791
2543546
43793
43794
43795
43796
12932730
43798
43799
66341
69237
255758
69234
305242
305240
21647
12932735
21648
12932734
2543547
829626
818531
818530
829623
818536
12934221
379814
22998
172655
172657
172653
187003
45432
90459
381085
2543469
3361316
55771
38806
38807
7354371
7354376
38800
38801
34791
158747
38808
38809
811365
379454
843095
320558
843096
823875
10758
101314
843097
10750
53761
10752
10753
10755
58799
364458
11803
101059918
11801
54237
11806
4191
14836
175562
175561
175566
175564
175565
20115
20116
20111
246760
813645
133022
77371
123096
79719
820707
822264
44748
827576
44747
137735
34843
826626
12934129
826624
79718
654319
287446
734509
40916
29731
40913
29737
828288
828287
29738
828285
734505
828283
40919
40918
24418
3703900
2541809
2541808
24419
2541805
2541804
2541807
2541806
2541801
2541800
432361
12930815
207214
175384
12798547
851233
21961
179808
21960
129285
179803
179802
179807
827395
827397
827391
827393
827392
55025
2543461
12933363
51542
288529
947828
844262
108671
815269
112295
12861
687711
79714
12864
23299
12866
55024
394136
3637922
938167
3637920
12931859
12931858
27180
21781
243842
12931850
12931853
12931855
818979
12931857
12931856
79717
151354
55027
56384
50441
50442
50446
1106
1107
1104
1105
1102
409
1727
12932146
12931732
1108
56380
21976
353156
816218
12932144
22608
2538718
2875940
554223
22601
818033
5243
26519
12931588
26517
12931586
26515
12931584
12931583
26512
26511
158399
2541379
2541378
12933367
13591
2541373
2541372
2541371
2541370
2541376
2541375
2541374
53944
179662
51333
383348
850393
100874303
770561
330188
172396
2137
2134
2135
834273
834270
172399
843317
2132
843314
843313
843310
220074
93166
4925
43265
148066
328059
4924
13722
3644620
840957
172138
51319
51318
172139
55670
55671
51311
268795
51317
51316
51315
55677
851444
12931329
79921
81501
2542772
2542773
56321
79983
56327
856490
2542774
56324
828916
151827
856491
817169
817168
828910
828911
241
851440
25374
79925
817161
12931670
817163
856497
79616
53515
856494
51427
39864
340075
12386
100271836
162979
2543260
178537
856498
2541158
178532
447726
64563
824565
51701
668275
380527
12336
304656
21981
3005
117143
117144
117145
117146
3004
117149
3885801
51702
81715
305940
2778
2779
2541987
3003
12930322
2770
2771
199720
2773
2774
2775
2776
9498
9499
16416
16412
2543421
9491
93836
9493
191115
9495
2543427
9497
269470
840143
269473
51704
840142
14000
54467
9726
9727
9724
9725
9722
9720
9721
2541618
408248
9728
9729
24137
24136
24135
12332
317781
24131
32827
810308
32824
24139
24138
22980
22981
22982
22983
22984
22985
22986
22987
12932744
51706
12932746
12932747
12932740
12932741
12932742
12932743
12333
55023
830570
55022
394319
246019
432516
146894
71952
71950
100036834
71954
832705
55223
60343
2540814
2540817
2540811
2540810
12931667
2540812
2540819
2540818
832706
55222
856481
856480
856483
856482
856485
856484
856487
856486
856489
856488
851459
851458
817677
16065
3070
30370
3073
3074
3075
3077
3078
840133
840131
553206
840134
27445
27443
27440
817672
91151
834951
186189
183352
55220
183355
183356
338699
825420
447688
338692
14218174
825430
361765
679539
12934198
474675
850506
850507
850504
850505
850502
850503
850500
850501
35445
850508
850509
31023
814534
29071
29070
814531
29072
29079
216558
812272
815840
825399
23214
23213
23212
23211
23210
2538812
66075
2538810
2538811
2538816
815842
23219
185193
47285
109205
815843
489
488
487
446489
100462977
483
482
481
480
177433
816973
177431
177436
855368
315686
816976
816979
855364
30923
855366
855361
855360
855363
855362
12930751
31037
31030
31031
499878
57381
31038
31039
837930
3920
3921
286006
3927
3924
3925
3929
47283
34716
34717
6721
6720
6727
3361391
34710
837934
6729
6728
72544
34719
73495
177389
100201
14451
177381
12930753
180111
50160
27147
50169
92714
92715
55531
55530
32718
55536
840206
55534
181248
32715
32716
12930752
100360015
22166
6098
12930671
22160
6091
100125968
6093
6092
6095
6094
6097
189470
36573
310612
51611
840207
2543292
824922
12930675
246668
43808
43809
34801
43800
43803
43804
43806
140809
207212
140801
140807
2539020
852835
12931323
2539023
184746
852831
852832
2539027
2539028
2539029
852838
852839
856104
856105
856106
856107
856100
856101
856102
856103
856108
440414
440416
100996939
396154
837892
5001
5000
5007
837895
5004
5009
5008
12933231
839943
2542430
2542433
2542432
2542435
246568
2542437
2542436
246565
2542438
2539790
839320
812043
2539797
2539794
12933236
12930759
83529
130013
2543157
70144
339906
100624012
12932764
28396
12933591
12803
362440
100042480
12930758
1466528
122042
36239
1466521
1466520
1466523
1466522
57547
1466524
1466527
1466526
172268
172269
172264
66067
172267
853699
66066
39992
39997
39996
39995
2538778
12931322
2538776
57540
2538774
2538772
444335
2538770
117248
820278
2538804
820273
820272
820276
827699
41511
41518
84570
84572
84577
2538800
57460
130916
13853
203260
836074
836412
836415
39663
9164866
39666
74132
72685
827692
71236
779222
80744
311071
172840
839850
172842
85333
172847
172849
175815
175813
80743
7175
407006
7177
1798
7171
7170
7172
831822
832260
7178
399272
820859
820858
820857
174141
174140
820853
820851
820850
33599
37674
37675
832267
37671
37673
816962
824540
283373
283372
283377
283375
40643
40642
202134
40640
823595
178992
40644
831622
100130561
178998
824543
816965
14768
813911
813912
208795
2870268
30955
813918
207565
319064
379959
824542
855375
2539806
2539807
2539804
2539805
2539808
2539809
13855
30951
2655430
2655433
843159
6843
334015
154810
843151
830560
5586
5587
5584
5585
5582
5583
5580
5581
50846
5588
5589
38211
208869
38216
3635951
38219
38218
116337
178365
843489
11274
11275
11276
11277
11270
43349
43348
834706
40834
43345
43344
11278
11279
13685
178362
19060
12932339
830018
830019
19069
819075
830015
830012
39919
814379
108030
7779
65019
65018
835252
835251
835250
65012
65010
64768
64769
821640
832701
839530
832703
64762
3915
839534
64761
235072
79794
339669
842688
842683
39916
39915
853879
836141
79982
191757
240411
826987
19684
19687
826984
826983
826982
842352
826980
853878
43359
3771806
842359
42438
42439
494780
42437
42434
42435
42433
46391
42431
6733
34701
9120
9121
9122
9123
9124
10658
9126
9127
9128
9129
10657
10656
10651
10650
10653
10652
7919
7918
7913
7917
7916
7915
818476
176179
818472
818470
818471
176170
176172
348995
3637353
20832
20833
824165
829189
824162
824161
76117
831051
831053
829181
824169
829185
362161
53598
13796
362165
831117
176282
176280
176281
176286
3637683
176284
176289
49701
499374
829456
829457
824291
824293
821667
821666
821665
126003
826702
821668
851611
851610
851613
851612
851615
851614
851617
850918
44531
851618
3535
36491
100303728
51143
8701
9331
53615
10406
187337
53617
175489
12933765
84269
100158431
10409
175480
822171
175484
175487
395181
840440
36498
180102
12930517
12931104
176828
176829
221078
830832
844351
830834
844357
830837
830839
844359
73481
54065
824835
175731
824836
175737
824833
175734
12930516
175739
175738
824839
824838
20302
828325
4961474
828320
67509
495494
67507
2542276
553758
282857
67500
543615
3361415
3539
78795
2541148
66679
66676
55504
66671
55505
826479
55502
826474
826473
826470
2540741
2540743
2540742
2540745
55500
2540746
2540749
2540748
161742
29509
29508
823802
29502
1317
1316
1315
1314
319504
1312
1311
841160
23767
815975
23765
23764
217116
23762
23761
1318
27079
27078
27077
27076
27075
27074
268903
27072
27071
353323
92154
177601
285668
3645209
33048
3639727
174462
174464
50768
35029
174467
35027
35026
50767
33045
35021
50762
78973
12933762
78976
55738
32558
78975
55735
55734
55737
32552
9164990
32551
8329
8328
389161
8325
8324
40288
8326
8321
8320
8323
8322
9911
9910
9913
9912
9915
9917
9919
9918
56422
56424
56426
100348873
5740347
55888
115209
829758
253782
55885
55884
310306
816408
22418
22419
22416
816404
22414
22415
816401
22413
816403
22411
114597
84060
414236
829838
823808
838568
829839
850576
3611
3612
3613
3614
3615
3885637
21822
3619
21821
21826
9407033
21825
100350249
56288
56289
2542639
2542638
2542637
2542636
2542635
2542634
2542632
2542631
2542630
161502
51188
114625
16832
100996747
827928
36042
32087
32080
32081
104418
32083
104416
2543323
2543320
32088
32089
2543324
2543325
844350
837708
40171
837701
2542989
2542988
116668
83594
12933694
2542981
2542980
2542983
83595
2542985
116667
2542987
2542986
446993
57480
479866
57482
53904
57484
57486
57489
36706
36705
361391
36703
36702
810807
810806
24817
24811
24812
24818
12934270
12934271
33759
12934154
12934277
395587
12931272
3642353
817467
817460
817461
3638922
12933315
12933316
12934275
827623
12933312
3638925
444200
251430
2543589
2543586
2543587
2543584
2543585
2543582
2543583
2543580
2543581
5740226
143903
812438
827626
343099
823964
841182
818505
841184
841185
841186
841187
12932469
99010
812436
12932468
47384
187543
18538
37078
33758
33757
2539037
37075
37072
33752
37070
33750
15168
2539293
58191
317259
84893
15161
15162
15163
15165
15166
293852
39508
39509
841459
1962
3617
39500
841453
841450
841451
39504
39505
841454
39507
2539295
824541
226778
84895
818310
12932959
12932958
36604
12932955
12932954
640374
12932956
12932951
2539299
341208
12932952
184162
81730
67264
115509
67260
3636346
67268
380047
851557
851554
851555
851550
851551
811442
813742
851558
851559
2556
31097
342574
216238
76071
2558
76073
4102
109901
109900
33751
116493
811991
856056
4107
38766
168455
642843
4208
4209
317815
4200
4201
4207
4204
4205
771726
170750
170751
447724
170755
815699
170758
406220
57230
406222
406223
811170
34035
11475
34032
12932262
34030
2879
79212
34038
35347
35342
35343
35340
35341
100804737
35348
83744
56180
856055
54343
54342
373544
308690
431855
192245
2541253
180324
244579
180326
379626
23406
23404
23405
185789
23403
23400
23401
23408
5015
94067
5016
302247
5017
441642
852117
852116
852115
852114
852113
852112
852111
852110
405754
326192
326195
852119
106583
813998
819859
819858
399670
817878
817876
819851
817874
819857
819855
74569
233902
100154408
171939
171938
33659
171935
171934
171936
70616
830763
855664
182781
2541933
855667
855660
6119
855662
855663
838931
6117
855668
855669
839040
124044
839046
839047
839044
839045
177195
94134
38747
2539788
7283
7280
7287
7286
853798
7284
853796
837365
853794
7288
853792
853793
853790
208715
839290
401508
401509
401505
378972
401507
100500842
321875
182252
2542408
182257
2539780
821460
821463
821462
81846
81847
81844
56177
821469
81848
81849
12931192
811080
398221
127124
26249
820338
12931194
820335
820332
827101
827102
827103
12933804
12931196
827085
94061
56171
12933806
38473
38472
38471
38470
38477
2539619
2539618
2539617
2539616
2539615
38478
2539613
823826
2539611
2539610
856315
856314
856317
856316
4589
856310
856313
856312
4584
4586
856319
856318
4583
4582
56218
2655380
2655381
818061
818060
854229
854228
854227
1466487
854225
1466485
854223
854222
854221
854220
237107
175133
175138
400673
834358
36064
43393
36060
36061
36068
18673
11183
11180
33255
11186
11187
11184
18674
837797
14359
11188
11189
39149
672511
33258
33259
830588
915
32984
41491
41490
41493
17918
17916
830582
3648113
41499
41498
830586
830587
84261
51232
3646587
45931
284440
844185
401994
812964
913
44046
68767
912
133418
812968
47895
47894
217351
844180
41722
41721
41720
12983
398599
41725
41724
823170
41729
41728
398590
18150
311532
2895
12930476
831988
831986
831984
831980
22996
12933292
174269
174267
308777
398106
174260
218756
47769
818938
818937
818936
47763
47762
47765
47764
47767
100774247
6932
15402
15401
38298
15407
283238
6935
12931071
283237
8125
15408
8120
7706
7707
7704
386607
7702
7703
7701
832090
831670
819082
819083
831675
7709
332131
12931070
834009
287931
287930
171164
838580
19188
127687
838587
19182
19181
835352
19184
19185
12931089
4334140
829237
3635837
822220
822221
829238
12931172
12931173
12931170
12931171
12931177
12931174
843550
12931178
12931179
813320
2542625
268656
266747
378108
12931076
266743
398102
266740
379768
11330
2538782
838058
213326
827028
66642
838052
838050
3768790
2542626
838057
12931223
12931075
12933736
12930610
2538781
318161
318160
522122
318164
2538787
546071
843729
69923
843723
16975
811361
12933733
5797
5796
5795
5794
5793
5792
5791
5790
12931942
5799
5798
110033
100131863
1101
112703
2542620
12932774
81783
60383
81785
60385
60386
81786
81789
116461
94271
116464
38420
94275
94274
828546
828541
201266
828542
100526767
8674026
89801
834913
834912
11409
235606
19230
19231
2541282
28114
66404
814065
85391
820269
94180
94184
94186
94188
12932776
832518
90693
215243
12931330
89808
814064
832511
820266
12933294
3641748
820267
31013
3644519
948
949
946
947
944
945
942
943
940
941
12931331
80789
494668
851113
80781
494663
821146
821147
31010
821143
821141
855661
45588
824318
821148
12931332
100381015
84509
16846
16847
16842
125965
12931333
42609
42608
42601
42600
42602
12930386
820126
33493
2540515
56312
84501
3772670
444125
10449
29205
100042107
10445
10446
10447
10440
841615
10443
820125
12930380
21770
37480
219990
12930381
176328
54929
54928
8970
54922
54921
176322
54927
8975
8976
176326
12933840
12933841
12933842
12933843
12933844
12933845
12933846
12933847
12933848
179310
179312
2540519
851794
851795
12931992
851797
851790
12931995
851792
851793
26926
12931999
851798
851799
26920
26921
12934315
12934314
12934317
12934316
12934311
12934310
190293
12934312
12934319
190298
196740
380368
2539889
92370
285346
811286
68724
814903
814906
26692
814905
814908
67710
67711
1770
24205
168417
2837
24208
2835
2834
2833
2832
50356
836420
1436
1437
1434
1435
1432
836423
1431
160622
1438
1439
34231
175677
175675
175672
79058
175671
79056
79057
79054
2539885
79053
79050
35180
178047
35183
178042
178043
100128731
35188
35189
812731
178049
2541469
2541468
2541463
2541461
2541460
2541466
2541465
2541464
844143
79585
79586
2543677
844146
79582
176377
812734
79589
2543672
34589
34588
3361105
34585
34582
71228
130535
578
42242
93675
93679
188311
55388
65981
51409
12930349
65980
55380
181432
12930340
51400
51406
12930344
12930345
8447
22339
135398
22337
65985
22335
22334
22333
22330
179346
4863
79088
65986
25642
25643
843987
74769
72058
74762
74761
74760
504637
74764
814140
179340
12934219
196294
179341
9894
9895
9896
9897
9890
9891
9892
79080
9898
9899
4861
853558
853559
853554
853555
853556
853557
853550
853551
853552
853553
32329
32328
55968
55969
832095
32321
32320
32323
32322
32324
32327
32326
22592
22591
22590
22596
100364368
22594
2542288
2542289
844091
12931433
2542283
100986
12931430
2542286
4867
12931435
2542285
836669
836668
677824
677826
394419
57522
57523
57520
57521
836667
836666
57524
2658
37761
223696
223697
4864
841959
223691
561433
31377
816678
2540360
80148
816672
824773
816676
816677
841056
35855
841057
26173
55702
209584
810637
35850
233335
191678
63826
63827
820842
840368
75141
12931922
854029
854028
854025
854024
854027
854026
854021
854020
854023
854022
79879
2542868
2542869
79874
2542867
79876
79877
4879
4878
79872
79873
2068
7162
836219
816760
35858
174155
2060
39165
2064
2065
2066
2067
33490
842930
33492
71648
18479
33495
33496
14115
33498
33499
18477
18476
18472
403388
294708
7164
837131
100053958
7165
403384
836210
182195
396241
5455
232449
121512
37661
12932478
113201
396244
36518
829094
36514
836215
36513
337810
36511
12932858
12932859
12934340
12932850
12932851
12934341
12932854
12932855
12932856
12932857
38068
34917
34910
34912
38060
38062
38063
234847
38065
38066
38067
12933109
12933108
500282
12933105
12933104
12933107
12933106
12933101
12933100
12933103
12933102
100037417
831324
12934348
12932550
40030
40031
40032
40033
40034
40035
40036
40037
831321
8971
8786
182864
12932554
855044
855045
855047
855040
855041
855042
855043
183199
855048
855049
114904
3361179
8972
851963
851962
851960
851967
851965
851964
171361
851969
851968
66853
173213
239659
173217
173214
173218
239652
15399
15398
22682
6483
6480
6487
15395
15394
833552
39339
39338
39332
39331
184085
39335
12934545
40675
12934458
12934459
12934456
12934457
12934454
829125
12934452
2539264
12934451
2539265
339501
838211
838212
838213
838217
811828
102288414
832098
856535
856534
856537
856536
856530
856533
856532
12932408
856539
856538
3184
3185
3187
3181
3182
3183
812569
3188
3189
297176
12931472
818603
818605
818607
8838
818609
55777
12933676
12931470
374123
2539389
2539388
852098
852099
852092
852093
852090
852091
852096
852097
852094
852095
43718
2655179
24045
4018
66212
12932241
43710
4012
43713
442523
43715
4015
43717
854878
854879
19434
851056
854872
854871
854876
854877
854874
854875
852324
852325
852326
852327
832353
852321
852322
852323
135932
852328
852329
832359
145946
287772
851051
2655173
397737
812387
812383
812381
825007
825004
4343753
68845
12932650
288
181772
181775
835065
815008
283
854181
284
287
286
821784
12932242
4359
821787
821780
821781
38888
38889
100039840
38887
440590
5008019
38883
38880
38881
815004
240028
819958
819959
84333
645323
23035
501052
80232
80233
80230
815007
80237
362353
100506649
823965
362356
8549
813928
22845
42049
42048
135138
12932886
42043
42041
23030
42047
42046
42045
813465
12932884
320080
824665
824666
142679
824661
294282
853057
853056
853051
853050
853053
853052
100042349
828175
828176
12932247
853059
853058
201931
820789
286423
2539739
820782
820781
12933350
139728
820784
647979
854857
6309
158135
6305
6304
6307
6301
6300
6303
6302
10134
10135
2540138
10137
10130
10131
10133
734589
2540133
2540130
2540131
10138
10139
2540134
2540135
836301
618164
836304
40999
40998
40997
40996
40993
40992
40991
40990
835969
835968
176657
176656
176659
2539734
835966
835960
2539735
2538866
12933617
830881
814748
29741
2655282
2542415
2655281
174659
2655280
827319
827318
3885920
12930479
174652
80907
174657
174654
1630
1632
1633
1634
1635
1636
818383
1638
1639
818389
41020
41021
179555
41023
41025
179551
41027
2539406
41029
2539404
84262
2539402
2539403
841365
2539401
40373
40372
945574
40370
40377
40376
40375
29959
29956
29957
29954
40378
29952
29953
29950
29951
14255
14254
14257
14251
14252
2541661
2541660
2541663
2541662
2541665
2541664
2541667
12934485
5429
5428
5425
5424
5427
5426
1182
5420
5423
5422
179881
179880
179884
175308
12932354
12934481
419190
384783
423063
7354399
399385
399382
58240
114327
75185
414485
269784
779280
854064
3640826
3640827
855902
3640823
843410
779286
283685
12934210
29428
829678
3885926
855905
110135
200162
2542089
319156
319155
319151
841405
79830
842810
398388
2542823
398381
79832
1585
2542821
2542826
819164
318824
318825
819161
100132074
397500
828999
828996
828997
828994
79837
828993
440672
645086
281040
155382
12932367
17523
7517
7516
7515
347
341
7511
832053
4117
29424
348
7518
19374
842446
19376
19373
842443
12933146
826304
70470
297417
127495
3646354
29425
12933680
100049126
835140
10966
10965
10964
10963
10962
10961
10960
818649
3885802
10969
57134
64877
64874
64875
64872
69882
16498
810296
16497
16491
16490
16493
16492
856724
78610
500040
856725
71702
150771
174840
476783
836803
856727
12933554
836801
43053
43052
81628
43050
43057
856722
2541084
2262
2263
43059
192081
2266
81627
2264
396456
56181
594855
2541086
836805
5820
388335
810380
11269
2541080
56907
56906
56905
56904
840450
56902
56901
56900
22900
22901
22902
2541082
22904
22905
22906
22907
22417
290864
2543191
5826
12934212
37838
12798221
94025
9410
9411
9412
9413
9414
57057
9416
11262
191199
9419
53425
3885805
54888
830357
54884
93621
54886
54887
54880
54881
54882
54883
840011
12930928
445442
12931062
27998
227102
12930920
12930926
3159
17722
308393
840012
2540899
53612
65023
2540895
2540894
2540896
2540891
289023
2540892
148523
12933559
171765
109294
54778
225010
843516
54776
54777
837171
824507
824506
20418
20419
824503
824502
186108
824509
20411
12933475
12933474
215821
12933476
12933471
12933470
12933473
12933472
69094
12933479
821597
67030
297570
78284
728841
12932401
20658
68910
68916
2540271
2540270
644150
2540272
2540274
850588
850589
2540279
850587
850584
850585
850583
850580
850581
841802
176516
176517
176512
37954
176510
176511
37959
839545
176519
79629
843512
29842
79621
79623
79622
79624
79627
79626
4961514
832733
4961511
67694
55779
446739
301535
851185
851184
851187
180622
851181
851180
851183
851182
654364
851189
50250
525716
26716
12934126
12934127
12934124
12934125
12934122
12934123
12934120
12934121
188435
12932405
70556
188432
192234
817504
333939
34799
34796
34794
34792
34793
34790
333932
67968
100777123
209630
92797
12932404
92799
444761
67967
67966
24410
24411
24412
24413
24414
24415
851239
851238
851237
851236
851235
851234
818311
851232
199834
851230
407
406
405
844265
403
402
401
400
23295
23294
23293
23291
408
852522
852523
852520
852521
852526
12934508
852525
852528
852529
834105
856632
856633
856630
140662
856636
856637
856634
820427
856638
856639
827436
433864
51166
399408
54858
80000
51066
55028
181578
140668
181576
181577
181574
55026
32822
55020
32820
32821
447089
73274
12930868
2542129
2542128
2542127
2542126
2542125
2542124
2542123
2542121
2542120
64651
856188
856184
35440
856186
856187
856180
856181
856182
856183
32794
23872
32796
32797
23877
32791
32792
32793
23879
32799
140559
12797942
27143
27141
51619
386681
27146
27145
27148
51616
51617
51614
339983
400591
826746
821815
56040
821817
821810
56044
56045
853693
853692
386680
853690
853697
853696
853695
36238
36236
36235
853698
36232
140880
140883
140885
140887
140886
9164869
9164868
74131
74137
855371
65973
54853
362826
2540079
431799
185479
39918
12932212
2543298
2543296
2543297
2543294
39917
2543293
2543290
2543291
173822
173826
126393
227644
837818
213990
284359
12798416
304978
12798412
227648
12798410
12798411
850919
57314
57317
69072
36497
36496
36495
850911
850910
36499
850912
850915
850914
850917
850916
836498
836499
3640182
237542
836491
12933358
836497
37548
37549
33047
33046
37544
33044
37542
18845
33040
41222
84069
84068
41226
41227
41225
84063
84062
84061
41229
84067
84066
84065
84064
12930949
40179
40178
164153
40174
40177
40176
83596
40170
40173
40172
219140
3232
3233
3231
3236
3237
3234
3235
12932464
3238
3239
182124
12932463
12932462
41598
41599
54577
41590
41591
41592
41593
854424
41595
41597
811178
811179
12933075
71609
178914
945007
178912
811177
18438
230257
854427
837369
38749
38748
837360
837363
38746
38741
38740
38743
71602
34566
842360
34891
34890
34893
34892
30532
34894
34897
34896
373863
89777
171531
171530
327987
89778
681284
18159
5509
5506
5507
5504
823508
5500
5501
398149
398148
38292
38291
38290
38296
38295
38294
2539986
540
546
547
12933738
545
339201
819364
12933734
549
12933732
819360
12933730
12933731
855268
825902
812489
76184
834618
812480
812483
853877
6569
6568
853876
6565
6564
6567
6566
611010
814675
814677
814670
814671
814673
2539882
2539883
2539881
2539886
2539887
2539884
4010
842602
842603
946724
855263
815101
812736
842605
842608
4759
39843
173000
173007
401138
173005
2542390
57571
177235
239027
12931763
822677
184272
184273
360739
12931762
57572
35856
31376
39168
31374
31373
31372
31371
35851
12931767
39160
39161
39166
39164
35859
835437
835435
12931765
835431
16658
12931764
16653
227632
12933901
835438
831327
831326
500280
831322
854506
843288
12724
50918
12721
831328
84809
84808
852991
140577
811822
811823
2539268
811821
2539267
84803
3704154
315139
2539263
2539260
2539261
378689
174837
378685
81500
838827
200403
829788
117053
55364
829102
829103
829100
55365
829106
80312
829104
829105
19087
12933288
219927
172751
7903
172755
821377
821379
162239
43529
43528
107684
43523
33986
43521
441208
43526
947097
947092
41963
41965
41964
41967
41968
832546
287522
37206
90249
12932216
7993
7991
396450
836806
833877
7994
396459
836808
348980
12798465
182658
1466398
1466399
93684
175403
13180
175407
6627
20656
20657
20655
20652
20650
501628
57138
501621
20823
501625
163183
20822
6620
820428
820429
827434
827435
80007
80006
827431
80003
20384
20382
20383
255631
823994
823993
20389
252941
390883
304971
2540078
2540077
2540076
2540075
2540074
2540073
2540072
2540071
2540070
7337
7336
7335
7334
7332
74558
11964
173587
11966
146923
12931926
173580
54578
173589
59126
113251
829313
59128
829312
417961
822061
18667
23127
178272
827296
827297
178279
827299
174751
399489
831234
822066
5007805
399487
15930
8639
8638
8637
8636
8635
8634
8633
8632
8631
8630
548645
133015
180978
827488
2655277
2655274
2655275
110816
126069
12934412
818197
54
810641
496143
818199
12934410
829924
27140
829927
829922
12934416
810642
318983
829929
50
216869
728642
178497
178491
53
9991
216860
9993
9992
9994
9997
414721
11036
2541039
11034
11035
280691
11033
11030
11031
2541030
2541031
2541032
2541033
2541034
2541035
2541036
2541037
2655145
1399
1398
1397
1396
1395
1394
1393
1392
1390
843398
12933161
84752
5143
100529063
843212
843213
843210
114515
114512
843215
51054
51056
66899
220136
160518
220134
51053
3644103
66890
51058
51059
66894
66895
398460
832914
12930719
832912
12930715
816074
12930717
12930716
12930711
12930710
12930713
12930712
3459
834317
12931048
12931049
829945
12931047
12931044
12931045
12931042
12931043
12931040
12931041
217737
834428
834427
834426
834425
834422
834421
834420
55471
824282
137902
729515
821676
12932215
447081
820531
824287
817750
817754
192195
25149
3475
817759
124801
2539430
183777
829461
18813
53981
829463
257218
728643
829462
178494
259279
56204
27406
56207
56200
447693
100039214
56208
836809
2543506
2543507
2543505
2543502
2543500
2543501
2436
2543508
13628
93979
444289
18811
16351
444280
851606
93973
444284
93974
105727
853312
117353
820102
292755
838467
18810
171768
811613
26871
9254
3783726
26872
14562
9601
9600
9603
36968
9605
9604
9607
107476
36963
26874
36961
36960
36967
36966
36965
36964
404550
266854
266853
432035
856793
28231
1807
1806
1805
853319
1803
1802
1801
1800
12932666
12932664
12932663
443882
1809
1808
81018
851884
851885
851886
851887
851880
851881
851882
441478
851888
851889
810199
810198
811495
49424
49425
810197
49427
553158
841039
2745817
850287
108888
850289
850288
291966
827311
12933834
108058
268980
291969
305827
3337
3336
28474
3885914
3339
3338
3885910
855437
2542264
319583
2542265
835222
2542266
67680
12933530
12933531
12933532
2542267
12933534
12933535
12933537
12933538
2542260
2541441
115677
12934081
12934080
2541959
375790
12934085
852955
12934087
12934086
2541953
12934088
2541951
2542263
2541957
114984
2541955
2541954
116135
56817
850425
850424
850427
850426
183545
850420
850423
850422
2542268
3361436
850429
3361430
3361433
2539120
380178
177583
216459
75705
852054
91612
66131
812138
140767
104355133
210766
181944
25970
25972
25973
25974
25975
25976
25977
25978
25979
816837
816833
31171
31170
31173
31172
31175
31174
31177
31176
31179
31178
29627
55978
4675
3805
3804
23484
3806
3801
3800
3803
23481
855552
855553
34611
34610
326115
855557
855554
855555
72462
326118
855558
34618
114514
109093
364975
816152
92610
289641
177267
6571
24596
335015
24592
224111
180014
180013
180010
63951
32619
2655308
55278
32611
32610
32613
32612
32615
300724
32617
32616
22283
57140
51057
22286
22284
690966
22289
22288
182706
820124
208643
63958
844325
100288778
12934073
830806
24627
830308
830801
24629
57147
12932320
844322
181059
181058
181050
181053
181055
181057
440515
38969
170589
73333
816160
38966
38961
440519
38963
816165
31822
31826
31824
31829
5149
270627
853248
853249
853244
853246
853247
230861
853241
853242
853243
3885794
854739
854738
91419
854735
854734
854737
854736
854731
854733
854732
224807
4507
20310
4501
5140
2542378
4502
17909
20317
2542374
3885790
4509
4508
2542370
2542371
339829
856399
856398
856395
856394
856397
856396
856391
856390
856393
856392
123
104112
85273
289352
79763
126
12933831
488984
619440
839886
12934133
172342
172346
179347
839128
2655222
67533
146722
42942
42943
42940
42941
42946
42944
42945
42948
246467
84639
41419
203102
84632
41414
84630
84631
41411
41413
41412
83941
289257
83943
83942
83945
83946
70686
70681
70683
815036
37096
836757
39703
39706
12934134
836751
836750
1466404
1466402
231801
1466401
443724
71371
1466409
831907
831906
76688
831904
831903
831901
831900
12934137
76686
76687
831908
7030
7031
7032
7033
7035
7036
7037
7038
7039
399131
399130
18755
441531
50794
37739
12932349
140947
37731
37730
37733
37732
3885771
37734
12932346
12932347
54207
15488
237898
30701
15482
15481
30707
285296
820005
7786
7784
7782
820006
7780
7781
14687
85416
14682
14683
14680
14681
14688
361984
380573
148252
856805
856804
40458
40459
856801
856800
856803
856802
811321
40453
843052
40451
40456
40457
843057
14534
14536
38159
38154
38155
38156
38150
38151
38152
38153
855035
174956
174957
174951
2539799
174953
174958
174959
11331
43229
828891
855036
11335
11334
11337
11336
11339
11338
834627
834626
834621
834620
834622
19106
183125
5719
5718
5717
5716
5715
5714
5713
830750
5711
5710
326278
183022
214627
144811
838501
818303
155066
155061
838505
127602
633120
834996
834993
100101467
834991
834990
268934
812676
38415
812674
819911
235134
825714
235130
11482
11481
11480
35259
2539832
819666
497770
819660
819661
20505
819668
819918
231214
240518
43488
260429
43484
260425
43487
493576
43481
43482
260423
16590
2538949
80700
16593
16594
842016
842015
80705
2538940
16599
2538942
124637
2539792
2538945
2538946
2538947
46058
46059
173632
12683
173637
42573
42572
42571
2872075
42576
42574
832667
177701
177703
177704
832662
177706
4565
831481
850844
832669
831485
83810
7812
7813
302938
36682
1306
7818
836688
42681
42680
42683
42682
42684
42687
42689
83814
342132
831155
245922
831157
831150
831151
831152
831158
64151
839362
832593
154007
37367
832594
832597
839364
64159
64158
3770075
9379
9378
9371
126306
9373
9372
9375
9374
9377
9376
80351
70699
841579
80350
55721
12797881
829713
829712
829710
324261
829716
829715
829714
365895
818226
818224
818223
818222
100041985
12932572
41888
41889
824399
824395
41880
42109
41887
41884
41885
49997
851718
851719
49992
851714
851716
851717
851710
84458
851712
851713
2703423
2703422
416955
2703420
2703426
58158
160335
58157
2703429
58155
190213
179063
179062
727764
14489
179069
179068
6698
12934516
58484
58485
54305
176946
176941
54302
54301
54300
56203
58488
54309
844411
6693
844415
844417
6692
84455
6691
12934281
179393
824973
824974
237422
10544
20021
20020
20022
20024
828041
828042
251984
828044
828045
156275
395318
15361
285636
12932575
395316
826539
18712
826530
826535
12932115
143098
50791
850494
830953
734439
10548
44360
40862
40861
40860
40866
988
40864
174451
40869
40868
29423
23648
1213
89848
1211
446634
811919
1215
23640
23641
23642
174452
23644
23645
23646
23647
179935
497661
59353
59352
59350
303155
2543509
179938
2540558
2540559
843808
830951
2540550
2540551
2540552
2540553
2540554
2540555
2540556
2540557
388524
835532
388719
174548
35100
35101
35102
35103
174543
174542
35106
35107
12930699
32459
32458
32453
32452
12930692
32450
32457
12930695
32455
32454
8408
8409
8402
8403
8404
8405
8406
8407
54620
9818
9819
92369
37482
9814
9815
221458
9817
9810
8815
9812
9813
66440
14281
66445
66447
66446
37487
37486
25809
176266
12930528
12930526
12930524
189049
12930522
12930520
820705
223864
816361
389396
816363
816366
326165
2541207
2541206
26469
2541204
2541203
2541202
2541201
2541200
414576
113235
3638876
414572
2541209
2541208
160492
503620
401296
840243
326166
75410
75416
831541
2542578
2542574
2542575
2542576
2542577
2542571
289820
34358
18994
34359
114700
842975
842976
811911
34357
104354
26768
292330
444985
3489
3488
811687
3481
3480
3483
3482
3485
3484
3487
34353
107951
116701
839716
54714
839717
817099
839714
817090
9901
2540132
389170
24917
653566
544878
24918
54715
10178
822503
56395
301575
817541
817540
817546
54716
817548
12932641
53369
188838
56392
444362
100037949
188837
9609
109232
844254
18991
349136
20924
836348
20926
20927
20922
12933185
12933184
12933187
12933186
12933181
841106
12933183
12933182
12934078
12933189
191608
347862
12934079
56390
446809
3885715
33418
33419
12932588
12932589
401399
12932582
33411
33412
33413
33414
12932584
12932585
2540961
2540960
2540137
2540962
2540965
2540964
2540967
2540966
2540969
2540968
360216
380504
30144
9033
853839
9031
12934072
9034
113868
853833
853832
9039
853836
853834
22762
226432
37244
37247
37246
37249
37248
3642710
69564
347240
67181
184005
67186
67184
822024
115426
180931
768211
180932
824472
180938
189877
12932669
12932668
375341
76332
445571
443886
76338
68202
68205
100128140
2876214
67459
67458
811652
4361
3783768
4363
692158
3783761
67454
3783763
12932662
37864
840044
37866
37861
37860
610716
565658
389289
3108
3109
830952
339834
3104
3105
3106
3107
3101
229663
225164
841822
4093
4092
4091
4090
4097
287444
4094
228536
684755
172521
172520
172524
188582
4047
56398
185357
290704
856595
91574
834406
132430
25834
25837
25836
25831
25830
25833
25832
40508
2539197
25839
59084
825086
825085
825084
180207
2539374
240752
825089
2539375
23363
40504
23361
23360
23367
2539376
23365
136227
812306
23369
23368
811095
833487
76808
76809
308404
76804
76800
855299
852013
813659
852011
852016
852017
852014
852015
855291
813652
855293
852019
855295
855294
855297
177541
58505
817938
3768904
58504
817932
113984
332937
3768909
155038
817935
2543032
171872
171873
128977
14423
855743
855742
855741
29916
855747
855746
855745
855744
6657
6656
855749
6654
6653
6652
6651
6650
177099
281849
854545
92002
839164
839167
40248
839168
100113365
177096
3664
58509
851364
6385
6387
6386
6383
6382
6389
6388
653781
810196
653784
446510
43974
25806
821708
821704
821705
43978
821703
836388
281115
140931
140930
140933
2539443
810814
836382
820076
836384
140938
810815
75751
443590
3645265
852900
852901
852902
852903
852904
852905
134265
2539154
2539155
2539156
2539157
841838
832386
856210
856211
856212
856213
856214
404216
856216
856217
856218
856219
813830
829679
2539449
317335
841839
2539486
2539487
854508
854509
2539482
2539483
2539480
2539481
818304
854503
854500
854501
5133
854507
854504
854505
315798
246490
246493
172065
172062
172060
172061
36383
36382
36381
36380
36387
36386
36385
36384
33353
33351
33350
3565059
33356
90423
33358
837479
837475
1494082
1494081
100763
66489
101245388
284521
3646461
835518
36658
2538689
80987
812881
80981
12933305
100754722
36651
36650
36653
36652
36655
36654
2543030
36656
12932837
132884
84403
317662
100505705
219348
254827
684192
398658
41609
811540
311470
41605
41607
41600
41601
41602
41603
83752
83755
83756
450225
83759
395557
100009125
779314
388559
388558
314442
827864
12932835
178602
178603
818878
818879
311786
100527960
54733
945536
818870
32631
76478
818874
831734
237911
831737
15568
15569
734734
831733
175922
8243
8241
831738
175924
175925
833383
123228
174034
174032
174031
14218
174038
837436
399308
837431
57741
287876
399301
683687
837433
239510
837432
165140
2542073
5469
822341
3565010
814994
822348
12931635
12931634
2539058
393488
12931631
44839
12931633
12931632
7597
7596
139599
7593
3361204
101249977
212712
34687
3885912
12931282
837716
838719
838718
318206
318207
31678
838710
838713
838715
284565
65165
854176
55173
69807
837712
69802
2539979
2539976
2539977
2539974
854174
2539972
2539973
2539970
2539971
827839
170302
816909
101214
5375
34688
827833
827835
827837
5692
5693
5690
5691
5696
5697
5694
5695
5698
5699
116546
116543
116541
116540
2703395
100188776
2703391
2703390
116549
2703392
843571
56489
192006
843576
124997
13870
843579
834818
81894
834811
834816
834817
834815
5968
814997
12933533
5962
830126
5965
5966
830125
839446
839447
839445
832411
36733
56987
17237
56984
56983
839449
90952
64699
90956
90957
12933539
60532
56485
60534
842196
842195
11694
11695
148254
842198
23480
46158
46156
69116
154214
153241
64343
64344
821060
821062
837588
375791
280991
215051
5373
12934084
842220
826872
842222
826875
826874
842229
826878
771904
825648
12934089
42728
42729
2542270
2541952
42721
42726
841557
295230
841555
841554
850678
824588
55280
850674
850675
850676
850677
850670
850671
850672
90379
51703
9238
504844
80264
55285
9236
9230
9231
9232
32687
54805
54806
54807
54800
181354
54802
269254
55286
54808
54809
269252
12349
829697
829695
829692
12340
12343
12345
283927
829699
10277
10276
841883
10274
10273
10272
12933965
10270
12933969
12933968
10279
10278
827580
827581
827583
827584
833576
12933790
43033
293991
190399
176595
176591
255308
20496
20497
20491
829526
814823
44446
44441
26799
814828
44448
67615
216080
187639
851109
851108
2972
851104
851107
851106
2976
851100
851103
851102
12933369
282220
115584
68999
817272
79159
179217
40596
179211
179213
79153
176503
79157
79156
79155
79154
381122
178167
447531
56226
178169
2541508
824615
176502
2541500
2541502
2541503
2541505
2541506
2541507
91775
327766
824610
77038
34469
12933791
1504
175555
120114
34460
34461
175024
175022
175021
34467
288620
843908
29914
817458
35732
35731
35730
29220
397652
35735
51564
51566
51567
51560
23568
51562
93737
23564
23567
197370
51569
165055
380836
29919
12930229
12930228
2542077
12930224
12930227
2543596
12930221
12930223
12930222
3772576
111384
6722
126402
29222
51692
51693
51690
51691
51696
253012
729209
51699
12933698
175253
818831
100526737
300228
830558
853619
853618
304500
401251
853613
853612
853611
853610
853617
853616
853615
853614
9164938
2540240
852737
56515
56513
179891
837311
8284
98741
9164933
12934518
12931578
78995
12931576
12931577
12931574
12931575
12931572
78996
12931571
32176
179585
179586
823934
140775
75590
134701
9164934
75599
816539
816538
816533
816532
816536
26238
26232
26233
26230
26231
26234
26235
21954
4326903
21950
21951
131177
854349
444397
3728
505336
75956
12932177
3725
854342
3727
854344
854345
854346
854347
79939
4931
4935
79931
79930
12798279
44233
79934
79937
2543217
2543214
2108
2543213
2543210
2543211
2103
2101
2100
2107
2543218
2104
837677
837675
819128
837673
12933099
14013
14012
14011
734773
2541613
683788
12933096
38542
850991
850990
850993
850992
850995
850994
850997
850996
850999
850998
170960
36419
36418
9
29628
36411
57396
53872
36414
100505540
33629
33628
12932793
33622
33621
12932790
33627
33626
12932794
34811
3638814
34812
2540325
34814
34816
34819
34818
2543388
682787
12933223
12933224
12933225
12933226
55824
12933228
12933229
83519
19944
19942
19943
10178861
823588
55823
823584
823585
19941
112744
855123
850334
855121
855120
855127
850330
6879
6878
6877
6876
6875
855128
850339
6872
6871
6870
107765
107767
2543383
853978
853979
853976
853977
853974
853975
853972
853973
853970
853971
667865
18226
269639
18220
18221
18222
18223
11876
71458
836057
11877
229584
176608
353144
234582
54245
2540321
229589
23483
39475
39476
39470
822186
822184
822189
3802
39478
39479
31661
31660
31663
31662
31665
31664
31667
31666
31669
5740323
5740320
18521
855556
147138
34102
34107
34106
183473
34109
326116
173086
177979
177978
814581
177972
320365
34619
856470
856471
856472
856473
856474
856475
856476
856477
856478
856479
133957
12934247
12934246
12934245
12934243
12934241
12934240
812409
812408
12934249
56735
84881
643224
84883
84885
816985
816986
84886
84889
84888
56737
4116
31084
4114
4115
31081
4113
31083
4111
2542389
4118
496244
16170
832075
201305
17242
838157
403728
838151
838150
17240
269702
838159
838158
852203
852202
839286
852200
852207
852206
852205
73422
177356
177355
177352
177351
177350
2543031
100996928
57467
830173
244373
2543037
564651
10738
230775
185146
825320
825321
825326
841422
12930350
830576
57469
379715
57468
32858
379711
832164
218035
218030
218038
836889
641575
102157402
836887
836886
24598
855466
855467
855464
855465
855462
855463
855460
855461
833436
19134
855468
855469
2655095
821519
821518
835102
824743
824742
824740
824746
821513
853150
853151
853152
853153
853154
853155
853157
853158
853159
396189
396188
828635
42252
42253
42250
42251
42256
139604
2870883
233876
233875
12932948
233871
233870
55274
12932949
63035
55275
20130
19132
6023
6025
10071
41805
10073
10072
10075
10076
10079
10078
320271
55272
818966
55273
836263
836262
12932941
176758
173509
176755
176756
173505
176750
173503
667776
16179
19130
35104
283578
227334
286128
3635442
1489531
123920
44289
12393
42876
135927
42874
42875
2655149
42870
42871
827210
827211
13346
827213
2655141
79799
823916
823914
406884
823912
440354
175587
543561
824060
208518
823918
3361480
2539729
2539728
3361481
2539723
84303
2539721
2539720
2539727
2539726
2539725
84305
2541746
843685
2541744
52202
2541742
2541743
2541740
2541741
3361484
29851
12933798
243725
2541748
67278
779293
3361487
1069
1068
818118
12931803
5300
1060
1063
5303
5304
5305
5306
1066
243819
179769
175227
18242
175220
12931807
71711
178418
71713
178414
178416
178411
71718
388324
388325
12934285
168090
294964
820944
821053
17869
17868
391257
398758
17863
12931872
17865
83657
19079
83659
83658
24626
2541698
118460
118461
834139
542767
12931871
834137
834136
834133
421169
4379884
214931
12930794
12930797
12930796
832999
12930790
12930793
12930792
12930799
832990
306353
2541692
12933866
226139
415817
2541693
28815
831933
399080
338811
12933867
388701
12569
12568
175660
22761
12561
12562
12567
12566
7412
838938
7410
7411
7416
7417
50907
7415
12931778
12931779
843298
7419
282618
842523
117024
842527
286973
117021
117028
88745
161247
12933865
100049603
2542922
829300
255928
10842
10844
10845
10846
10847
10848
10849
389741
84688
2541866
734293
255926
3500
12933862
397910
833646
3502
38968
835775
63948
63943
63941
187810
187817
63946
187814
318014
318016
192152
3507
843436
855871
69635
816161
843432
69632
843430
2342
22755
117521
2348
850800
43398
43399
855875
43396
43397
43390
12932402
43392
850806
810269
443804
11341
850805
850804
443809
388707
192154
1889
844806
844805
844802
1880
43648
96764
57159
57158
43642
329207
57154
191090
834693
43644
191093
843072
843532
832205
64064
64067
832206
64061
175668
64063
64062
12930805
827089
12930807
116085
12930801
832208
12930803
5924
31187
830167
6030
830164
4232
9689
9688
826934
235559
826932
210582
2920
9681
830162
9683
9682
9685
9684
826938
9686
827086
5922
2541863
79993
824260
824261
824264
2541861
2539056
20511
824269
2541860
20515
20514
329165
509933
201501
11858
100037046
300981
2872417
42117
80328
42110
851804
851805
80326
851807
851800
80321
851802
851803
3355150
48772
3355158
844727
734904
186798
734901
167838
644619
191575
29338
29332
18597
8804
176254
840273
2230
8800
8801
176253
176252
147339
8808
8809
223870
54638
30843
30841
30846
91355
30844
30845
384309
30848
30849
34341
116938
34342
79894
106633
98558
2540537
329777
114901
12934008
100293516
114902
114905
851818
114907
187779
12934001
114908
12934003
12934002
12934005
187773
2232
149420
149428
834794
138649
852108
34699
4503
12931285
34693
3361210
2542379
34696
34695
67809
51808
208263
67804
851378
851379
24518
12933913
851372
851373
24517
24516
851376
851377
851374
851375
23158
1503
1500
655
652
653
650
400322
23150
23151
1508
1509
23154
844388
658
23157
22209
18087
852104
22201
22200
38282
12933144
90135
309928
615688
84695
818002
12933918
3885
3884
3887
3886
3881
3880
3883
3882
12930778
3889
3888
446693
13047
55148
55149
55147
55144
55145
55142
55143
55140
810438
18040
852779
852778
226791
852773
852772
852771
852770
56495
2542041
852775
852774
856069
856068
856063
856062
856061
856060
856067
856066
856065
35565
32691
32690
51715
181324
32695
18046
181321
32696
32698
285141
2542028
51719
181328
822317
23169
253190
186800
183874
251270
11652
116115
285148
3640741
12930225
157657
78987
78986
9164949
9164947
78989
9164945
9164941
104111
75964
27352
27350
27351
27354
817253
817252
25262
817250
14084
853428
853429
2543399
2543398
836069
836068
32032
2543393
2543392
853422
2543390
32039
853425
2543395
853427
139378
142940
14085
56725
56722
822218
36989
56729
39782
2543024
2543027
57455
39786
39787
39784
39785
39788
2543029
57458
57459
842531
101966
84144
75387
84146
816705
84140
84141
84142
33120
33121
33123
84148
33125
33126
33127
26005
26007
26001
26000
26003
26002
9636554
855130
54702
820951
820956
820954
820958
12931376
226101
317749
182004
2539059
182001
270086
810708
12931370
855131
34181
726
60686
3579
25327
12933005
3575
3574
3577
3576
3570
3572
855862
855863
850816
855861
850810
850811
855864
855865
722
60682
850818
850819
29796
814283
814282
64755
18588
299027
33788
33789
294010
14609
33785
18583
33787
219770
33781
33782
33783
172926
172924
172921
23414
38666
400818
38664
172929
172928
83497
534634
83493
83491
83490
2542447
166336
35181
83499
1164
31788
31789
856889
856888
23533
856885
856884
856887
856886
31786
31787
856883
856882
398985
100335534
2901
825194
23536
33875
116731
135892
72056
825196
30785
391356
343068
343069
100033413
825190
40724
40725
733
732
40720
734
12933077
40723
12933079
738
825192
40728
182915
5720819
825828
375056
253650
828813
828812
825827
828817
828816
828815
828814
35184
2541565
823794
230895
116733
819553
819550
819551
819554
819555
819558
814132
814131
814135
814134
170787
842722
842725
2539051
836780
842728
47186
15267
284805
496015
229791
284801
284802
173329
173327
173325
173323
173320
173321
39207
39205
2539050
39203
39202
39201
177839
177836
177837
64655
39208
35953
35952
31433
31435
171788
35954
171786
171787
35958
171783
33500
16518
59029
835570
835571
843862
19726
19727
19724
16513
16514
842096
16516
842094
12608
12609
84634
131450
3643984
831408
284369
373592
12606
2539052
177788
177789
822448
84929
811941
839677
824548
84922
84923
100609
100608
84926
495165
84924
84925
825797
3772505
841590
180519
12931535
180515
180514
643949
494591
2540402
2540403
844729
829023
829022
829025
829027
295274
829029
2540401
813543
818730
818733
818732
4707
4706
4705
4704
4703
43401
172499
4700
172496
821236
821237
172493
172491
821233
854906
854907
854904
854905
854902
854903
854900
854901
2539057
824546
854908
854909
135228
41469
2539158
43331
498366
2296
41802
852431
852432
852433
852434
852435
852436
852437
852438
852439
829791
2294
114565
210992
172149
13559
811397
172141
172140
172143
172145
90522
13555
19894
19896
842436
833938
19893
833936
833937
833930
19899
24530
292464
821490
821491
821492
821493
821494
821495
821496
824469
2539981
20751
20750
824462
254427
3771740
828779
828777
843145
244654
828770
828771
446486
176083
820549
820548
80128
80129
820545
12301
80124
80125
80122
1466403
48571
837948
823898
48572
246656
544021
823891
823897
831676
2539987
401068
44672
7273
7270
7276
7277
7274
7275
7278
44679
12933201
12804
12308
54431
176491
176490
54434
176495
54436
54439
54438
163732
15275
2540626
2540627
2540624
2540625
2540622
2540623
2540620
41114
310836
41117
310833
831905
41112
41113
444874
4961493
4961491
4961496
129049
4961494
4961495
66991
179254
4961498
390612
19834948
57874
66245
56353
178336
12908
56350
395069
84364
2539150
2542382
54386
54383
835894
835897
835896
8778
10910
100359916
8772
8773
8771
8776
8777
8774
8775
44096
44097
44095
56358
44098
395393
855652
53422
2655330
819566
818091
10230
1748
1749
255488
3637728
35897
1745
1746
1747
1740
1741
1742
1743
853763
829801
829800
829806
829805
7291
829809
245684
444112
365382
178592
853760
416183
35894
853767
7295
496351
242083
11171
11170
11177
7296
11174
496358
11179
11178
1298
1299
838820
7299
1292
1293
1290
1291
1296
1297
1294
1295
853768
10314
2542385
66997
395936
66993
2541289
2541288
2541287
2541286
2541285
57002
2541283
395938
2541281
2541280
160418
173407
64019
361399
190930
35764
3644022
542682
542687
35765
8480
8481
12930612
8483
832814
35766
12930616
8487
832818
12930619
171792
114787
12930438
114785
3361383
114783
541271
114781
72162
114789
114788
28996
28991
148156
217473
28992
835565
834301
834306
28998
834304
12932348
401397
66998
51268
51267
51266
64356
51264
51263
51260
55616
54161
326205
12930431
12930432
25062
12931256
817013
32230
843406
817014
817017
817016
817019
12930434
25069
12931259
2539614
12932340
12930436
226180
12930437
100131827
420627
12932021
226182
6299
12932344
12932345
56121
104725
56123
84914
284366
56124
56126
56129
734319
84725
2543623
2543622
2543621
2543620
2543627
2543626
2543625
2543624
57298
2543629
2543628
81544
117254
401612
2539711
105000
816275
81853
100652748
102659353
81671
84918
11747
221960
9528
9529
9524
9525
191687
9527
9520
9521
9522
12931529
839395
446880
446881
14462485
811975
12932502
12932503
12932500
12932501
12932506
12932504
407021
380768
12932508
12932509
836273
64450
81757
81754
81753
107885
100135616
12931527
81758
20336
11950
12931526
414469
850373
827011
12931520
22874
22875
22876
22877
22870
22871
190486
22873
12931522
22878
22879
73991
68178
239217
734248
68177
36844
36845
36846
2688
814863
841061
36843
2686
2687
36848
90993
2683
71828
381983
71824
58218
190159
71529
544038
380586
303689
100361858
947792
841391
12933672
841393
36361
841395
841394
12933675
841396
841399
12933679
12933678
836278
2539454
850740
850741
850742
850743
850744
850745
850746
850747
850748
850749
183226
183220
223701
814733
814735
814736
814739
67102
216795
12932775
23059
844771
23054
23057
815065
23051
68828
188506
24252
56975
140557
281370
818708
841937
3772048
12932773
196410
56971
24253
29109
29108
31230
31237
31234
31235
29101
29100
29103
31239
29105
29104
29107
29106
76884
91687
446710
91683
100154056
37517
2539450
91689
184949
855210
855213
855212
34558
34559
855217
855216
34554
855218
34550
34551
34552
34553
4593
56929
90987
8623517
4591
818706
180757
180756
338101
180750
856303
55339
32229
181488
838879
84079
55331
55330
181480
181481
181486
55334
181484
55336
144348
821228
4736
144347
16419
287545
2541544
180285
221150
843001
43477
50671
2541545
92086
43476
3885859
856807
137362
77286
60568
856806
24708
496013
100253457
130872
821221
187256
813036
182593
821220
2541542
2541543
813039
567317
22019
184508
852638
852639
852636
852637
852634
852635
852632
852633
852630
852631
14724
856748
856749
31904
31905
856744
856745
856742
856743
31902
31903
853329
853328
93687
266900
2655394
853323
853322
74488
853320
853327
853326
853325
854678
854679
7044
854670
854671
854672
854673
854674
854675
854676
854677
4620
852989
2542239
4624
4625
4626
4627
852980
4629
852982
856903
852984
852985
852986
852987
856298
5201
404299
12932369
1466490
856290
856291
856292
856293
856294
856295
856296
856297
51106
51107
51104
854233
51102
51103
51100
181153
1466495
101023
181158
51108
854235
246412
24654
1466497
619565
1466496
619563
817357
817355
817352
178
177
176
175
174
821964
821965
817358
36309
36308
185679
85421
853589
853588
36303
853586
853585
853584
36307
36306
853581
36304
348110
446448
200558
947429
854311
12931805
139231
12930121
3778
45879
41359
41357
45875
41353
41350
41351
83862
855988
83860
83861
844223
855981
855980
855983
855982
855985
855984
855987
855986
13544
14405
314730
84722
854582
854583
854586
173958
854584
173955
173954
173956
173953
173952
3077429
70834
13542
174955
12930957
406979
13543
836564
41837
25242
836560
836562
852426
41835
18935
41834
18933
13548
852422
12932269
12932268
41831
12932263
12930125
12932261
147991
12932267
12932266
12932265
12932264
10834
36072
84465
171082
3361397
171086
40081
833302
40083
833300
40085
40084
40087
40086
43228
12932178
37164
37165
37166
37167
37168
11333
41686
11332
834629
84487
41688
41689
84482
40557
18646
40554
40553
40552
40551
11190
819293
819292
819295
40559
40558
43221
54721
178863
178864
361365
178867
313173
690366
43223
837211
837210
2539750
14470
14473
18641
813868
837218
291877
43227
12932175
843641
31574
31577
31576
31571
13844
811598
31572
692296
54729
5740294
31579
32860
230674
834549
230676
55062
834542
834543
834545
201633
38367
38365
38364
38363
38362
84464
5612
5613
5610
5611
5616
5617
38369
830754
12932173
57730
843646
213773
368
834892
834893
830756
834896
52055
834895
3646950
4668
5740746
11568
11569
12931360
12932172
85379
11564
11565
11567
838791
90523
838792
111345
4669
35505
12930263
643535
819740
100138434
379850
819749
12933646
12930264
27419
12930267
201097
229055
12930269
850686
842116
812025
812024
842112
842113
402057
838503
231103
173177
838504
72565
173174
173171
155060
39017
39014
73916
39012
39013
39010
838507
177662
39018
191448
12931197
12933948
54624
72047
258
259
120379
250
251
824477
12039
4665
831217
831215
245806
512891
822062
12034
35485
159371
832494
832496
832497
832490
12933423
367171
3371331
12930645
595097
219854
176048
176045
176047
176040
176041
45467
45460
829618
829619
829616
818503
829614
829613
829611
90480
185914
9164958
12933428
828764
90488
824050
824056
69190
69191
49893
49892
49895
820732
827502
820731
827505
36445
11487
735221
735226
12931809
735224
817636
190314
24232
844713
80119
60560
10761
162699
10763
10762
10765
812678
10767
10766
10769
10768
14866
3354988
948461
14862
842030
14860
821946
100043330
3354987
246756
246757
246755
66397
80111
27102
13070
820573
179298
175538
821947
80117
179296
179297
175533
175532
362672
255520
54198
54196
54197
285175
285172
2542228
20271
20273
20274
20276
20277
20278
14919
495706
2540189
2540188
10181
10180
2540182
2540181
2540180
2540187
10188
2540185
2540184
2541856
828258
2541854
29748
40948
40949
2541850
2541851
40945
40946
828252
40940
40941
40942
828256
821942
1159
1158
826364
1155
1154
1153
1152
2540455
2540454
59013
179874
2540450
179876
179877
179878
179879
2540458
834067
819669
2541580
2541581
2541582
146542
2541584
2541585
2541586
2541587
2541588
2541589
388611
252859
853656
446264
446260
12933947
850532
12859
12858
283638
853654
252855
8522
8521
8520
8527
8526
8525
283635
174374
843983
12931862
12931864
174371
12931866
843985
12931868
12931869
843988
728489
174379
21411
100287045
81788
399026
10388
816247
816246
245474
816244
816243
816242
189167
12930406
12930409
12930408
22658
816249
21410
839499
389058
26548
26549
2541324
2538948
2541326
2541327
2541320
2541321
2541322
2541323
380283
2541328
16592
444499
842010
46000
3077465
55681
267004
820688
80707
65208
65209
80704
65201
100287042
812249
65204
44642
16598
843324
270076
843323
843320
843321
2655286
843329
54422
840981
80709
840987
165631
7166
2639
818929
3640727
32243
32240
32241
32246
55644
32244
32245
220047
104252
220042
6201
2542743
2542741
2542740
2542747
173496
2542745
2542744
2542749
2542748
42579
25387
817195
2181
817197
2187
2186
2185
2184
2189
2188
817198
25388
15436
3771915
57649
57648
57647
57646
57645
57644
57643
57642
6209
6903
220594
403580
15433
850344
64551
15430
380451
42577
52163
12427
64559
850346
2539557
2540874
850340
855197
855194
340719
2540654
140710
2542226
810978
15438
424172
179637
832663
15439
855198
810975
199777
2720
2729
419966
297930
179631
829645
9745
9746
16398
293631
9747
829123
113791
9741
9742
2540848
2540849
2540846
2540847
380423
853926
2540842
2540843
380427
2540841
841247
836101
9779
9778
841246
9775
9774
9777
855195
9771
9770
9772
37363
37360
3642616
37366
57685
37364
37368
810354
810352
9749
12932713
12932712
12932711
12932710
12932717
12932716
12932715
12932714
380684
12932719
12932718
39955
836602
836109
146845
146849
822106
822105
12930486
292148
71986
31065
17156
810363
171114
333789
2539132
50804
12932738
2745709
68328
414530
178322
724033
2745706
619279
811758
811759
814509
811755
403935
811757
811751
73242
692053
37986
37987
851468
37985
37982
342667
37981
851462
851460
851461
851466
851467
37988
37989
3029
3028
5720184
220869
3024
11443
815456
3021
3020
55094
67526
3952
229504
440992
91181
446168
31009
684969
33938
31004
4194
31006
31001
31000
31003
31002
825458
285335
55092
147719
375484
825454
825455
837553
54393
9164867
33675
34189
644186
33676
34183
34182
115294
34180
34187
34186
115290
34184
2538823
2538822
2538821
35279
2538827
2538826
2538825
2538824
338372
35270
2538828
338376
35277
330149
855484
23248
181830
23244
136306
23246
812226
23240
23241
23242
23243
855394
30977
855396
30975
30972
30973
855392
30971
34745
2916
855398
855399
816908
2871398
5740505
34747
3646522
527565
3772232
177467
177461
177460
177462
829209
12933490
100327257
64156
100126191
12933496
389541
221037
72512
12933495
140290
221061
286053
72519
17254
6758
6759
6752
6753
6750
6751
326601
6757
6754
6755
10308
12931147
852289
852288
839208
12931146
852283
852282
839206
852280
852287
852286
852285
852284
32725
32724
407759
32726
32721
32723
32722
842724
12931143
101185
32729
32728
396103
396102
12931141
100337574
189448
66000
338399
196074
2542424
43831
43830
43833
43832
43835
43836
43839
43838
85389
42991
378848
7730
85385
12932197
200298
313757
11108
37502
625249
852869
852868
184715
852866
852865
852864
2539055
852862
852861
130951
856159
856158
856156
856155
856154
856153
856152
2655323
21908
850444
360933
38547
246595
246596
5079
38543
2655326
38541
38540
854421
5073
854423
5071
854425
5077
5074
38548
419528
70110
839972
315691
839970
839976
353188
315696
439996
353189
362477
57315
362479
689890
837534
12932133
837536
837530
837531
837532
79974
33094
33096
822567
33090
2542785
33093
172236
172234
172233
55544
172231
818086
400569
829717
811907
421698
172238
22139
12932135
22138
380444
3083
353187
820242
36118
146439
365894
44207
146433
36110
36111
146434
84527
84524
84525
842601
84520
33541
300850
84528
84529
41529
41528
84021
379075
41520
84020
41524
39636
39637
39630
390226
12931724
813116
2541799
945637
33252
17059
734626
209357
41883
12930251
824396
820866
174173
820864
174176
174174
856422
7145
51385
174179
7140
851437
7142
7143
18747
18746
18745
856420
18742
89927
18740
2543474
851431
395767
175667
37648
18749
856426
30014
8050
30011
856425
30012
259501
856424
394412
12930253
2543475
51574
360165
44978
7498
224650
7490
833534
833535
7494
291609
2
226525
12932881
379922
830527
233863
830524
829388
811254
811257
2539838
12933313
829380
11168
829382
820894
2539837
829385
2539835
2539834
842127
395779
2703421
2655447
2655446
54756
842833
208836
842835
2543389
126282
842839
842838
318098
318095
11160
55031
318093
364398
43314
43315
174822
174823
174824
174825
43312
192129
81545
830529
43318
43319
688843
11249
11248
96459
11244
11247
816954
11243
835262
835260
835261
65040
838611
835264
19039
5803
5802
5801
51434
65048
3639328
5805
15201
839564
839567
64794
64793
116379
839568
64799
64798
554967
100132594
498183
90853
90850
830372
11799
11798
39887
830375
830374
11793
11792
2539710
11790
828475
11796
828477
18551
228677
403382
12930885
821381
821382
154313
832289
832288
821386
12930882
20843
20842
20841
20847
20846
832283
20844
67041
366975
191761
16688
12931601
100155139
16687
842303
16681
16682
831396
831392
60399
2869826
831398
831399
811111
813497
828554
833880
833881
10688
9179
7965
10682
834904
9175
10681
9173
10687
9170
6809
12931603
42199
42194
42197
42196
16976
269116
16974
42192
831020
831021
831022
17082
831024
831025
831027
17089
12260
12261
12266
12265
53541
118987
10533
10534
10535
53546
53547
10538
10539
841766
841761
841763
506986
58487
121006
66989
58480
55066
8888
813498
8884
8886
8887
8880
8881
8882
8883
20591
20592
20595
2541292
829408
20598
829404
829401
829400
2543384
26853
26851
307820
51643
71132
51642
235610
396455
851660
851661
851662
851663
851664
851665
851666
851667
68652
68653
824570
235184
380151
13134
380152
13131
19229
380157
13132
19228
2543386
13138
178280
689560
447476
100507423
178289
447479
55237
121665
837384
291309
54014
840410
824572
840412
20335
20334
79740
79741
48481
844308
20333
79745
1582
1583
137994
844306
1586
12930601
1584
844302
252995
24030
175708
143425
179488
237336
282827
179484
175700
175701
175706
175707
175704
339451
66687
843828
66684
243912
66682
288707
843820
344148
145553
178756
843827
178755
131368
826447
283788
826449
12930608
839999
822039
67886
543565
306066
172886
126364
23731
23732
161198
217149
34850
2542440
296654
268932
268933
27022
839991
51797
51796
12931126
51793
51792
51791
821866
59227
338323
821861
79465
56664
35074
35076
35077
35070
821863
35072
35073
73626
839997
35078
41849
83558
74075
8314
8315
8317
189280
189281
8312
8313
78903
8318
189289
12798062
115948
56417
56419
56418
55573
389151
9928
9929
101954278
9921
107932
9923
9924
9925
9926
9927
55850
55851
55852
148345
55854
55855
117542
55857
55858
55859
23272
35655
74168
430766
12934291
101926888
814315
100174802
317973
833524
20980
25770
25771
25776
25777
186882
25778
834316
21853
100271715
18195
810838
51279
24825
810837
734520
24826
12932032
832632
12932031
12932036
12932037
12932034
12932035
3646
3645
12932039
3643
3642
816780
3640
64960
17970
64963
64965
26085
64969
26086
79915
2543311
2543310
2543317
2543316
2543315
31262
2543319
85364
854151
854150
854153
854152
854155
854154
854157
854156
854159
854158
810786
2542952
2542953
2542950
116636
2542956
2542955
2542958
2542959
116638
36754
817784
36750
25193
36753
850894
850896
850897
850890
850891
850892
850893
53938
5008017
104776
100710
10905
112398
112399
89791
12932698
12932699
837084
12932697
12932694
643253
12932692
12932693
837082
837083
12933779
84094
12933130
12930400
188904
12933342
12933341
12933340
12933347
363194
817439
12933344
817437
83416
12933349
819326
817433
817432
819329
885362
29461
2543144
340527
668010
100528016
12932964
12932965
823469
12933771
12932960
81002
12932963
12933776
12932968
12932969
837949
12933777
74485
304000
12933774
10906
100009540
12933775
944834
40863
814204
432197
814209
151963
33704
37086
33706
33707
37083
37082
33702
33703
18509
18508
33708
33709
37089
380217
264064
171285
109934
76022
769677
39531
39530
841407
39535
25051
39537
39536
9849
25050
90324
841408
31702
31703
31700
31701
31706
31707
31704
31705
811131
12930407
8287993
20460
3772037
501
109689
115557
34068
34069
23649
34064
34065
34066
34067
34060
34061
39914
298890
89849
224762
39289
184134
811499
39284
822735
226896
12934528
108086
12934523
12934520
12934521
108089
12934527
12934524
392360
645425
89842
68510
815558
12161
13867
47272
107358
23643
2871059
89846
183640
180597
180596
287280
2542876
100683
53372
51179
180598
406275
12168
2875733
72236
234311
622434
79221
173870
79918
303158
170707
79228
72238
77045
172414
73542
852128
852129
852126
852127
852124
852125
852122
852123
172419
852121
552900
13864
4784
4783
4782
4781
4780
839257
132720
854988
854989
854986
854987
854984
854985
854982
854983
854980
854981
838368
50568
380037
838365
838367
838362
838363
832049
832048
81641
69727
839014
839017
839250
380033
825172
825171
140458
51812
185773
825179
825178
153684
181644
181640
494514
29213
641434
855585
855584
855587
855586
855581
855580
855583
308578
841629
855589
855588
29214
821419
81839
817845
836143
819864
819865
81833
821411
81831
81830
729324
3876057
821416
832291
853298
853297
853296
853295
853294
853293
853292
853290
838940
838941
140488
838946
42358
42357
42356
42354
42353
42352
42351
42350
4961448
177160
177161
177162
855638
855637
855636
855634
855633
855632
855631
855630
10332
10333
10330
10331
10336
56459
10335
70093
3648157
70097
84553
853748
853741
853743
853744
853747
853746
6271
6273
6272
6275
6274
6277
6279
6278
176410
173421
313658
173422
3565767
2768858
174540
381921
827157
827154
827153
835040
827159
835813
835815
835814
835816
121793
823812
837592
857
813510
823817
837593
12930842
84190
858
859
946762
45368
653361
45360
291145
78834
44018
815145
44014
44013
44010
44011
854216
33036
854214
947803
854212
854213
854210
854211
947809
78830
374207
176330
844721
2539572
41195
16709
246386
2539576
41192
41193
5223
818011
2539579
41198
5226
5225
54913
179649
179641
37596
179645
25567
2541179
2541178
2541175
79818
2541177
2541176
2541171
2541170
178516
2541172
14369
735113
830550
830557
830556
207165
14360
14362
14365
3565124
842288
280717
284415
284412
284418
83997
83992
83993
83990
83998
834078
254910
66917
66916
66915
834073
66912
66911
834077
100131561
179304
652966
652968
838433
152007
832890
381591
40247
34303
40245
40242
40241
40240
829882
829880
9816
40249
12931968
818904
818905
28919
818903
266777
28916
818908
9811
107528
728568
311098
12931964
3263
100353383
12408
26936
819057
819056
831607
12402
831609
12400
12406
12934209
852495
820809
113540
12934208
12931963
7755
7756
7750
7753
7752
50926
827611
835964
635593
12934202
3641046
835382
543952
259335
835386
12931129
12931128
6202
827612
12931120
12931123
829264
829262
829261
829260
834382
833768
834380
834381
100769325
834387
834384
833761
833763
834389
826674
835032
838007
838006
838001
835035
835034
19200
835039
19205
436522
19206
100049094
100049096
100049097
100049090
399245
823836
827904
827905
843771
70218
419867
827908
843778
43298
43290
43293
43292
43295
2539082
825304
12930525
12932438
2539083
302553
150684
49070
49077
852854
150681
12932436
852855
100041399
84549
12932434
852853
43126
43125
834925
834922
43122
834920
43120
2577
2539085
2572
2539220
43128
79814
831368
11459
486552
823831
12931910
57213
57214
57215
201254
201255
519935
814975
60406
17128
17129
832564
341640
60401
823832
17122
832569
17120
17121
17126
17127
60409
17125
977
976
975
974
973
972
971
970
538486
978
494657
139886
494651
422675
12932703
821569
69538
379325
12931680
442247
2541205
3645037
26468
501222
824349
824348
824347
824346
64236
824344
303604
48387
824341
824340
269966
122481
361791
2542551
42656
42657
830644
42653
42650
42651
125950
821563
210711
42658
42659
100038973
133688
263876
24273
10475
10474
10477
495014
10471
10473
10472
42803
10479
851019
820218
728970
2827
29272
29271
560542
29275
29274
8927
8926
8925
8924
840339
176358
176359
840336
856040
840331
8929
8928
179360
179361
2540347
2540346
179364
2540340
2540343
34269
179368
2655131
34264
34262
34263
34260
2655130
12933897
12933896
12933895
837335
12933893
820213
12933890
820212
194401
12933899
12933898
12931947
391104
811984
12931944
12934328
12934329
12931941
12931940
12934324
12934325
12934326
12934327
12934320
12934322
12931948
22802
6484
3638799
190499
76454
92558
50363
187124
50365
50366
814954
92552
851039
66271
66276
55283
9406967
851030
851033
851032
851035
851034
851037
851036
1469
1468
1465
1464
1466
1460
1463
1462
2541434
2541435
24786
2541437
24780
2541431
2541432
37342
2541438
2541439
839920
496096
28639
315644
84928
844178
844179
91608
170920
72787
844173
91607
1404
20908
844177
844174
35604
31980
172712
35600
839929
31988
31989
35609
38511
66495
811237
114117
114114
100463486
32953
32950
32951
181407
32954
32955
852243
32958
18453
12930311
22365
12930313
22367
12930315
189674
22362
189676
12930319
12930318
303185
400221
843108
303181
183935
183930
23945
23943
23942
2696
27257
2694
27253
27252
318211
27250
51186
51187
51184
51185
51182
27258
22092
22097
22099
287670
853507
853506
853505
853504
853503
853502
853501
853500
853509
853508
55954
32374
32375
32373
814298
825369
55959
55958
32378
32379
374875
374877
4352660
374879
51046
56603
56604
56605
56606
380176
57553
2543103
2543100
19835548
836656
57556
57555
57554
39867
39866
2543108
2543109
39863
39862
39861
39860
19649
12931914
2980
100736459
100736458
100736457
100736456
100736455
100736454
100736453
816624
816626
816621
816623
816622
12798560
26127
26122
26123
26121
26128
113230
11468
823578
37472
37473
37471
37476
810669
182325
810667
37478
182329
810660
79845
2542856
79847
2542854
79841
79840
79843
79842
3430
3431
84775
3433
3434
79848
2542859
3437
2037
2036
2035
203068
2033
4849
855907
855906
855909
855908
4846
818163
209003
