9164972
839798
839799
378462
68889
839791
839796
839797
839794
839795
11546
13358
11548
221545
787581
5989
5982
5983
5980
5981
5987
5984
5985
83897
103630348
83896
304543
12933524
2555
300253
300250
665113
70601
235380
101751277
53905
173155
173156
173151
173153
2542001
173158
177647
177646
3346209
3346208
57488
34521
3346207
3346206
3346201
100527963
623094
191464
191467
260293
734225
11545
29940
260294
270
271
272
273
274
275
276
278
279
842284
16706
842280
842281
390354
12018
12015
12014
12017
213980
245828
12013
17258
100017
810804
839422
839423
3704089
831230
831232
64678
839429
17257
63027
9258
55293
9256
60370
9255
9252
55290
2541945
836648
176060
176061
176066
176067
12933116
176065
176068
176069
181344
818560
818561
818562
2542005
54541
818565
818566
818567
818568
284021
55295
821003
824073
824072
821006
824077
824079
124359
821008
306942
820750
820752
114769
827528
827529
44791
44790
98845
399671
12932286
827520
190336
387856
444424
58073
2873110
829589
829587
829584
211550
416724
320502
90313
90316
90317
851169
851168
2541878
2541879
222229
851163
851162
851161
851160
851167
2541871
2541872
851164
825243
3361429
330554
112950
948440
948443
824695
824694
824690
824693
3638928
825242
12933904
12933907
12933906
828181
12933900
828183
12933902
13052
12933318
237523
12933909
828188
12933319
222223
735019
395232
12933314
844288
844289
826698
844285
817147
844280
826692
826691
826690
8674098
12933317
175089
3636489
14964
175084
175086
175081
175080
20254
12933311
40966
40967
40965
40962
40963
40960
40961
29765
828236
29767
29766
29761
29760
29763
828230
1176
1175
1174
1173
29929
23509
1490003
23506
1490001
23504
23503
1490006
1179
1178
179854
179853
179850
179851
12930286
12930285
12930284
1610
12930282
12930281
179859
2540479
2540473
2540472
2540471
2540470
812007
2540475
2540474
174680
178102
178101
178107
174685
174686
178104
174689
29920
816283
100287362
12833
283651
12831
66129
12837
8548
83850
8545
8544
8547
8546
8541
8540
8543
8542
100158425
12931888
12931889
12931882
12931883
12931880
12931881
12931886
12931887
12931884
12931885
66505
174358
174353
174350
174351
50417
174357
50415
9164928
55629
55628
100337618
100506164
55623
55622
55621
55620
55627
55626
55625
374928
219158
816269
12798127
20257
12798128
12798129
816261
816263
22671
192226
8291
728712
26564
856289
26563
8292
9164921
8294
12932137
127733
65268
3637620
20527
65264
65265
65266
423455
65260
65262
65263
393
392
391
390
397
396
395
394
41068
399
398
2540173
114447
397774
32225
32226
32221
32222
93134
32228
819359
94272
12798261
41067
389690
3748
389692
3746
3747
3744
3745
3742
3741
2542729
2542728
27300
12798262
2542720
2542723
2542722
2542725
2542724
2542727
57661
57663
57662
57665
57664
57666
57669
25984
734767
836047
816826
817606
836044
817601
817602
817603
100363176
817608
817609
29659
330908
113146
836040
12931516
810950
21934
5802929
21937
21938
21939
390760
2746859
2746858
5802920
75302
288150
260297
57085
12933243
12933240
12933241
12933246
191143
57082
402843
57089
57088
444819
174005
200734
685859
55832
55833
850353
855180
855183
855182
2540860
855184
855187
855186
6811
6810
850359
850358
2540868
2540869
380441
9757
107702
9755
853918
853919
9751
9750
853914
23329
853916
853917
853910
853911
853912
9758
24146
37305
24144
810376
37300
37301
37302
37303
12930257
37308
810378
24148
24149
2063
380664
58936
37079
100499482
11847
298648
11846
146862
11845
33754
189950
435292
33753
189959
3635741
68349
346389
2745766
326128
18537
68342
34609
811772
811771
692076
811775
184295
8802
181195
67371
822695
12010
851400
851401
851403
851404
108101
851406
851407
851408
851409
24377
839424
114786
3885849
3885848
946879
446708
2542392
3885840
26396
268465
109857
59086
2542394
161003
26390
232813
232811
5740528
10251
831231
181098
389203
825476
12931608
361732
825475
825473
825470
825471
52463
170685
72399
389207
144423
90378
298532
183417
12931605
3361526
339448
3361521
3361520
12931607
35218
35219
35215
35216
244310
35212
35213
23266
2538848
23264
23265
132660
23263
101706
2538841
2538840
2538843
188774
2538845
2538844
23268
2538846
109272
177482
177481
177480
14183
177485
816926
177489
813730
816923
43852
43856
9253
81567
100365839
114780
362923
128853
855404
855405
855406
855407
6778
855401
855402
855403
6774
6775
6776
6777
6770
855409
6772
6773
73447
839223
92747
839226
73442
24883
810894
839228
839229
92749
9333
810896
201895
14184
117198
10256
443584
825897
326594
326597
32602
838985
84221
93233
184080
140850
140851
121549
176499
2768721
14186
396291
816722
140858
140859
12932053
173569
12932054
838983
173561
852845
852844
852847
852846
84124
852843
852842
2539077
84229
2539075
2539074
2539073
852848
2539071
12932950
856175
856174
811038
856176
856171
856170
856173
253430
821573
821570
856179
856178
821575
42810
42811
42812
42814
42816
42817
317256
42819
820223
2655126
2655124
2655125
170915
170917
5058
170911
854449
854448
5054
854446
854445
854444
5050
854442
854441
854440
824071
839912
839913
362392
839916
839918
281073
38565
72542
320299
261663
26027
70134
100363737
364154
236900
821005
836255
64901
779274
779276
400506
818179
818178
837516
837517
818175
818174
24370
175249
172219
172218
172215
172214
172216
175247
172210
175245
646960
36178
36179
16061
44226
36174
44228
36176
36170
64805
36173
33528
33529
33524
18760
33526
33527
33520
33521
18767
89944
41543
2542375
41540
41547
238057
41549
831366
83637
83636
83633
12934226
820757
94137
83639
83638
827526
827527
25420
29995
296570
319030
30057
319033
2539078
322206
12934498
316611
306332
25508
54226
174118
178479
71774
71770
174111
779188
28990
8034
8036
8031
8030
21386
398197
8038
2540094
12930323
12589
12585
44913
186716
12931710
44910
12931717
44915
12931715
12931718
12931719
109905
279561
834159
834158
126669
834151
810765
834154
31422
150368
838632
838633
838630
65065
838636
838637
65061
2539851
2539850
2539853
2539855
2539854
2539857
2539859
2539858
814242
57545
843189
2655469
843182
843181
13982
13983
818862
842855
842854
842852
842851
3512
842859
842858
38978
2298
213236
155465
241311
2542939
843454
174807
81563
81562
174802
843451
174800
174801
81569
811996
50793
390113
38974
174808
843028
38975
852702
43334
43332
43333
43330
852703
16002
842580
16001
5869
5868
16004
5865
5864
5867
5866
5861
5860
5863
5862
6950
2239
56847
7354424
17355
17354
56848
17356
843548
12988
843549
90874
233199
834840
817884
828418
828417
3644777
828413
828412
31834
53564
43009
830353
830352
830355
830354
35641
64006
64005
856015
20869
843100
843546
20867
52690
20860
64009
148423
37575
19250
14620
260315
16114
2542770
842320
3771877
2541874
14462581
14462585
837125
317813
494775
2541876
830170
821630
821631
12932015
2541877
821634
821635
90293
2541870
851166
9191
9194
7942
9196
2541873
352944
42177
42176
42175
42174
42173
42172
42171
16917
12932119
16911
80380
80381
176189
836176
842499
831001
850699
176180
190780
176185
176187
176186
841742
841743
90121
841747
841749
560240
10518
10519
35644
152273
121021
53562
10513
53560
53561
10516
10517
10514
29357
176233
8867
8864
3637656
176237
176236
8861
291983
21405
176239
2542021
12930142
21402
8869
18024
829424
829427
829426
829421
2542775
362612
26834
26835
100188893
26831
26832
12934248
288182
851648
851649
851646
851647
851644
851645
851642
851643
851640
851641
12934206
100287399
68632
106628
149483
157739
380134
3767798
100361427
2542088
79213
184366
256297
851398
851399
3647404
543562
54033
35527
851391
851392
851394
851395
851396
79724
79725
79726
79727
79720
79722
79723
79728
13058
179462
175762
179460
175764
175765
34329
34328
175768
34326
179469
34324
34323
34321
282809
178732
178734
345
35058
843848
35056
35057
35054
35055
35052
35053
35050
35051
197258
188178
821880
197257
12932111
330323
188172
55128
55129
346
55120
844094
55122
844096
55124
55125
844093
55127
35522
130106
144193
12932110
145957
144195
151195
151194
821353
302973
389549
832051
35523
824054
12932113
100287082
815907
11668
23710
93587
145853
27008
27007
27004
27005
253175
27000
217588
653567
821885
825210
92181
445815
834235
2541063
837128
74051
74053
266553
31806
32589
32588
55788
55789
32581
126299
55786
32582
32585
32584
32587
32586
12798084
12798087
12798086
12798083
35584
35585
35586
2542029
9946
9947
35583
2542022
2542023
2542020
56470
35588
2542027
56475
56474
2543379
2543378
32055
32053
2538796
32051
32050
57782
2543370
100996279
2543372
57786
57787
2543377
32058
12932117
823405
5459
826696
55872
55870
55871
55876
56781
79792
56783
56784
56787
12932116
844281
25715
25716
18029
364716
25718
25719
253827
21877
4681
21873
21872
2543369
536654
645345
20259
90199
12932019
816762
308942
734552
12932016
12932017
816768
816769
12932012
12932013
821099
26065
26064
26063
250736
250735
26060
2542686
2542687
2542684
2542685
2542682
2542683
2542680
2542681
64949
823646
64943
12930499
64946
854136
854135
854134
854133
854132
854131
854130
4961512
25330
854139
854138
837758
25331
140586
837752
2539538
2542086
12931362
2542978
2542979
64372
817127
232227
12930623
2542971
2542972
2542973
2542974
33576
2542976
2542977
2543082
2543081
2543080
2543087
2543086
36778
2543084
36776
36774
36775
35529
36773
18569
58960
40744
4961510
33726
33727
828238
33721
25248
38600
38601
38602
38603
38604
38605
83431
83439
3638977
345757
251466
3771966
644422
12932908
12932909
12932906
12932907
12932904
12932902
1490009
12932900
12932901
1490008
37076
814267
796
795
794
793
16069
790
1497
100036875
83383
83382
799
814268
23507
826849
42757
23341
23409
23505
42754
295305
1490005
15130
15135
31764
31765
31766
39558
31760
31761
31762
31763
814199
39552
39551
39550
39557
39554
33894
33896
33897
33890
65267
223593
33893
821195
33898
33899
34044
34045
34042
173349
339761
43668
173345
173347
173340
824576
177855
177856
839938
31493
31490
31497
238463
326198
169026
31498
31499
224742
47251
12934505
12934506
182970
12934500
12934502
12934503
825842
12931756
12930280
825847
12934509
2538818
447634
326227
183628
1500489
653489
811920
811926
811925
811924
819578
184487
1500485
184480
1500487
39592
444612
83953
70430
317860
812698
326197
59033
812696
852118
405788
24705
400360
818753
818752
818751
39730
818754
4761
4760
4763
4762
172438
172435
172434
59035
172431
172433
172432
854964
854965
854966
854960
854962
174681
396829
854968
201176
181990
838343
50674
181994
838345
181999
838348
838349
19744
3631281
832061
832060
832063
832065
832064
852498
852499
852496
852497
852494
388677
177146
852493
852491
304690
379673
379674
641452
693174
825150
825153
825155
185757
181669
836723
181662
181661
181666
298300
181664
240354
379580
824408
81818
821439
81815
824405
824407
821432
81810
81812
842408
828714
515499
828716
819803
828713
42371
42370
140461
233908
42375
140465
42379
80142
80143
80144
80145
80146
855615
855616
855611
855613
855612
54839
855619
855618
1466476
838939
10357
10350
10352
855665
290215
1466474
4324
853729
853728
853727
6118
853725
853724
853723
853721
853720
810467
176430
176433
1466478
176435
176434
444427
176439
176438
7354437
283652
6259
6258
6253
6252
6251
6257
6256
4961432
4961433
4961435
4961436
4961437
838935
12933998
42995
42994
835875
42996
827179
835872
42993
125058
820387
827174
827177
820384
42999
42998
827173
125050
832
833
830
831
836
837
834
835
5007942
838
839
124045
45343
184904
134111
4248
12933993
831978
281969
728233
196051
12933991
12933996
728239
243621
12933997
25878
80859
947820
80852
80851
80856
312030
80854
56364
1728
1729
5245
818037
818034
1725
5241
1723
818030
818031
172390
172393
172394
172395
175168
172397
2539550
175167
2539552
175162
2539555
10229
2541153
40268
2541151
2541150
2541157
2541156
2541155
2541154
178536
40260
2541159
178535
40265
178533
14300
735172
10225
100043475
10226
2543468
361381
10227
45961
45960
17968
12934549
17966
17967
830573
57019
830575
178183
10221
83593
57016
2538690
284439
57017
360854
53433
9456
12932514
853795
66934
238317
834057
388152
83590
2543460
2538691
677815
2543463
824156
361388
9453
12934542
12930672
813739
12930670
12934543
12930676
12930677
12930674
7705
66508
12930678
12930679
83591
2538692
822833
12934546
547253
836874
217410
12930429
810476
256471
2703428
399102
319263
311078
831626
3645687
12468
12469
318794
831621
12464
12465
12466
374920
12460
12461
12462
831629
819079
12930423
7775
54788
7773
7771
7770
837288
819070
819073
819072
50848
50849
819077
14677
770217
838305
12930427
830971
12930426
10322
12930425
12932352
55624
219578
37720
66142
829245
829244
12932350
829241
829240
2538696
2543555
829248
176544
12931103
12931102
12931101
12931100
12931107
12931106
12931105
313666
131474
12931109
54784
833700
24514
19262
19261
19267
816838
2538697
19264
19268
231225
835019
84908
318133
831425
835011
835010
835015
835016
69736
816839
17178
81840
158326
837284
81488
81489
215819
22670
827923
827921
100132163
821464
46080
810529
46085
12932497
64527
3346192
101929664
9662973
2550
2551
81732
2553
2554
167227
81736
2557
81738
2559
94280
26569
116496
11477
11474
57231
11472
43101
827001
43103
43102
43105
43104
11479
12932499
3642910
443695
26562
190424
387521
190421
116143
832547
832542
832543
832540
832541
338440
246652
816835
2543553
52551
832549
90624
90627
60421
3641718
919
9546
914
917
916
9542
910
9540
9541
12933386
64216
64214
64215
64210
100359562
824368
64218
64219
12933615
12933614
221091
12933616
12933611
12933610
12933613
12933612
347517
12933619
12933618
22941
398526
12934178
18021
843587
644739
186670
186671
196743
186673
79971
51555
216739
29258
728911
305123
29257
29253
176376
55152
176374
840316
176373
150165
34280
34281
179344
179345
34284
179343
34286
34287
79081
34289
79083
72057
79084
79087
79086
841952
2540369
2540368
68549
2540363
2540362
2540361
841958
2540367
2540366
2540364
12931921
12931920
12931923
175583
831347
12931924
12931927
209446
12931929
12931928
844768
12934346
12934347
810301
12934345
12934342
12934343
37889
37888
37887
37886
37884
37882
37881
12934349
827575
3361178
383769
823827
337876
3361177
3361171
315509
811317
813520
843043
823824
172536
814143
827574
180738
843041
851059
851058
851057
50302
851055
50300
66218
851052
180735
1447
1446
1445
1444
1443
1442
23039
23038
23037
856311
815006
23034
23033
23032
23031
1448
347730
22346
22344
22342
22343
22341
3648185
201134
199920
100196907
4729
79607
502887
4728
197196
299940
14599
4580
844110
4725
844112
844117
820485
79558
4726
852659
73016
12931746
852654
852655
852657
852650
852651
852652
92399
2541579
856728
856729
79605
35621
35620
856726
35622
856720
856721
35627
856723
32934
32935
32936
32937
32930
32932
93624
93627
32938
93622
189617
189616
12930339
12930338
12930333
12930332
181462
12930330
12930337
12930336
12930335
12930334
320714
14816
183911
221711
183917
183914
56623
12930187
329908
221718
25698
53611
71911
820533
25690
636680
100799055
25697
51160
23968
51162
51163
51164
12797896
140667
51167
51168
730668
779246
12933377
23967
380450
27279
65979
65975
65977
65970
65971
27276
817334
25526
25524
199
25522
817332
197
196
191
190
25528
830416
818069
853529
853528
420529
854226
853525
853524
853527
853526
853521
853520
853523
853522
12930182
353120
3749
79600
947874
100289290
1466480
389362
34455
1466481
70885
57575
39840
57577
39842
39845
39844
57573
39846
39849
733319
57578
362849
2543128
2543129
812868
2543120
812862
2543122
2543123
2543124
72662
836637
12933373
173932
173930
172161
24513
15499
2873329
844237
12930967
227715
51714
619505
31445
31444
12930962
19668
37414
37415
37416
37417
37410
37411
37412
37413
187927
12930961
37418
37419
3452
84750
852451
3456
13797
3454
3455
84759
852456
3458
31442
12932201
12932200
12932203
12932202
855967
41339
855965
855964
855963
855962
855960
855545
113179
855969
855968
40069
209318
57794
432032
40062
40061
40060
432036
40064
825116
113178
66593
400931
106143
66592
403370
403373
11320
12930935
230737
12930189
66597
843514
2539024
851930
851931
851932
851933
851934
851935
851936
851937
851938
851939
171392
101930400
12930934
828747
33918
837271
837270
33911
33910
837279
837278
33914
33917
33916
24329
12933232
76499
38033
38032
14357
38037
38034
12933158
12933159
12933156
12933157
12933155
12933152
12933150
91894
226976
226977
142689
838515
838514
831181
96597
55076
54739
47594
183123
855034
855037
326273
855031
855030
855033
855032
19704
183129
91893
855039
419824
814014
814015
20469
814010
811065
246060
811068
51557
12933237
946985
17919
12930930
32852
109741
830766
3772337
51552
2543287
6478
319110
1181
6472
15360
6470
6477
15364
6474
31517
31516
31515
171647
171646
31511
393313
17910
31519
31518
835657
12930932
446609
842178
835652
835650
842174
842177
812081
835659
835658
831547
831546
831545
831542
229906
374355
12933234
143279
10782
831548
57690
39071
184363
39074
39075
39076
39077
39078
39079
822505
839719
57551
822502
811688
12930219
27402
180473
653808
180475
832533
180479
57691
143630
12933432
3646581
55354
27407
813680
813683
813684
27404
818654
12933436
818653
818650
2539378
2539379
4046
69241
4040
4041
100037133
4043
2539371
2539372
2539373
4048
4049
100090
2539377
43749
43743
43741
43740
43747
43745
219833
46719
828759
852354
852357
852356
852351
852350
852353
852352
829676
813351
852359
852358
813354
397769
248102
172609
90427
821083
821082
821081
172604
821084
3771728
12932148
392197
230484
3885882
17436
146310
124626
842793
323630
38859
396906
12930748
38850
38852
12931669
501088
90390
501083
362301
80267
80263
80262
665550
246730
21936
3772012
20128
734884
810959
175559
43719
824619
3636775
175552
175551
175550
824611
175556
824613
824612
71710
545030
12986
828106
118881
828103
14593
125488
12984
163059
168002
57558
163050
100381270
41073
41072
41071
179587
203522
203523
179583
29167
41079
41078
654346
2540168
130589
290408
2540161
2540160
2540165
2540164
2540167
851227
12812
13841
19707
539521
163589
14800
14802
54241
14804
14805
14806
14807
176606
14809
176605
27316
176601
20084
841844
3564957
419126
419125
100044627
256356
815152
67382
191921
3772015
841840
57452
12933242
178188
57084
174600
174601
178181
174603
2655092
178186
2655090
2655091
826616
285556
838435
1687
186492
57453
12933247
380388
12933245
2543168
3646745
29989
29988
12931801
12931806
196527
12931804
27315
29980
12931808
29982
29985
29984
13845
2541699
12930741
12933249
399088
2541690
2541691
399087
839841
2541694
2541695
2541696
2541697
100131997
390980
79774
2538978
2541342
2541343
2541341
2541346
2541347
2541344
2541345
837028
2541348
2541349
728791
280968
160777
398680
3720
42560
13846
174261
3637918
16568
319
318
80739
843343
312
311
310
317
316
314
2543041
80737
834249
16564
834246
834244
834243
834241
51362
51363
51360
51361
51366
51367
51364
51365
51368
824557
80732
39833
80731
30325
398353
16562
12931374
12931375
817130
301164
817136
12931371
817134
12931373
79669
110279
817139
12931378
3767968
820821
777766
828929
212943
828927
43716
151871
296115
15403
12930420
54414
54413
729440
308759
7125
306759
115196
6936
193385
6819
2299
173624
817688
6934
850352
817684
817685
2290
817680
850351
2295
817683
2540643
842431
20813
2540644
6938
2540861
6939
850355
2542171
117130
850354
105148
10916
855189
10914
10915
10912
10913
56354
855188
56529
116848
6813
10919
2543451
2543452
6812
2543454
2543455
2543456
2543457
70349
57007
57001
26757
57003
6814
810481
810480
16428
6817
56524
16424
12930424
16427
51077
831493
16423
2703364
2703365
293692
835318
158511
37724
12933778
2703368
107701
821657
124944
69726
69721
64532
81673
81672
108000
9753
81678
3635261
9752
2543049
836111
123103
841232
191578
4961475
841720
812113
49241
166968
57699
844770
56977
12932777
844773
12932771
844775
56970
12932772
22953
22950
12932779
12932778
22955
22954
199713
2740
2743
2742
2745
9759
2747
57695
13244
192528
37304
57697
856908
856909
71924
810374
856904
856905
856906
856907
856900
856901
856902
39945
110786
114826
24145
2543221
24142
685232
57693
338657
12930501
810370
12930959
114825
24140
12930953
12930952
12930951
268752
12930956
12930955
31075
4327804
50296
851488
840102
54726
840107
305095
840105
851480
851481
851482
851483
851484
851485
851486
851487
3049
3048
27254
3040
3043
3042
3045
3047
3046
850685
850684
850687
115761
3643506
850680
850683
850682
115769
850689
850688
12933426
12933427
12933424
12933425
137107
12933420
12933421
67046
79932
67042
363005
67040
12933429
826714
19186
66395
66394
188443
12931346
100873308
12930505
844403
831147
12931078
841856
841857
841854
156110
841853
850539
850538
850537
850536
850535
850534
34758
850530
841117
211948
495207
729857
36393
729852
815211
36056
855332
855333
855330
855331
855336
855337
855335
100361008
855338
855339
34750
308742
34751
64143
189785
177406
34757
34754
31069
180679
31067
31066
180674
31063
31062
180671
18559
3959
3958
91833
3953
55095
55096
64145
55090
3956
3955
55093
34749
34748
189799
855488
855489
34741
855485
34743
855487
855480
855481
855482
855483
221035
35296
35297
121599
35291
35292
35293
35298
35299
66026
24440
85238
24446
4961462
820758
830564
338392
338395
66028
2654946
181231
181230
55540
181234
117854
117855
852593
852592
852591
852590
852597
852596
852594
813110
22130
852599
852598
22137
856683
856682
856681
856680
856687
856686
856685
856689
856688
165082
835218
294962
219402
276770
12931525
391627
70549
115350
2542198
2542196
2542197
2542194
2542195
2542192
2542193
2542190
2542191
100736247
230979
51645
32746
51647
51646
32743
13004
32741
32740
93474
396161
51649
32748
837848
837849
246530
56011
56010
246534
56012
837840
246538
837843
98221
837846
839998
186954
398506
12931013
821868
821865
2542441
2542442
2542443
2542444
821860
2542446
821862
74164
854398
439936
813101
36248
36246
36242
36243
36240
36241
128239
85369
1769
253512
37531
85363
85360
85366
85365
816703
12932106
41279
12932107
41275
41274
41270
41273
84095
2538747
2538744
2538742
2538743
644903
2538741
12932102
12931524
816700
2538748
2538749
1761
12932100
2539518
185422
185423
42898
42899
5008173
838518
173879
42890
42891
42892
173872
173873
42896
42897
850946
850947
850944
850945
850942
850943
850940
850941
2542798
73181
850948
850949
39650
39651
39653
39654
12932108
39656
39657
39659
818255
288731
22121
100778851
167681
71268
836463
414660
836465
836464
34403
836466
37599
37598
837591
837594
37591
33034
33035
18817
33033
37597
33031
172839
100514713
831853
811779
831855
4969
831856
172831
172832
820806
7128
820803
7126
7127
7124
67373
7122
7123
7120
615849
37627
37626
37624
37621
399243
818435
37629
37628
84541
84542
132949
84545
316561
69922
84548
108100
814342
12932435
12932432
12932433
373937
373936
590
593
69920
595
594
597
596
599
598
820608
100532746
40638
40639
40632
178964
40630
178961
40637
178962
47942
837332
313052
363982
212670
14751
837339
175827
820602
175823
175820
171567
324004
843106
811239
171568
820607
18107
18106
18100
18103
18102
67959
820605
18109
823571
5579
5578
5577
5576
5575
2542784
5573
2768836
5571
5570
30076
12934235
30071
38262
38263
38261
38264
76281
287022
3885844
287026
31300
31301
393124
174881
830027
3269
830025
830024
11228
11227
11226
11224
11222
11221
19058
8710
58160
13681
373997
19052
19053
8712
19056
19057
819405
819407
819400
819401
819402
819403
379982
819409
3564813
828495
828493
828492
304469
378633
828498
812762
100040898
40510
173053
173054
34118
39135
813478
39136
39131
39130
39133
39132
60384
39138
84948
823861
3636332
191701
222658
42460
42463
42462
42465
42464
42467
42466
42468
16625
12759
12757
38581
12753
161882
12751
832771
832770
832773
832772
839506
839505
832779
13684
53840
16994
9118
836853
833828
833829
9111
9110
9113
9112
16998
9114
9117
833821
176100
176103
12287
176105
236511
283820
176109
12288
12289
844704
818449
818448
70620
831087
58875
818444
818443
818440
56142
64089
821329
64087
821327
821324
821325
64083
824131
64081
64080
42285
42284
51326
42286
38586
820499
14957
254531
362110
827446
42289
820491
827442
116285
832195
140593
832196
55576
56140
51654
834097
10664
13488
10666
32753
10660
10661
13481
51652
13483
13482
10668
13486
820149
51650
2541902
820140
12931187
51651
820144
820146
834437
179171
5161
379215
547990
179177
175459
20681
175457
20683
175455
20684
20687
175451
10592
10590
10591
10597
10594
10595
84940
10598
55578
494760
56006
672195
4258
12931185
306439
176817
176816
176815
176814
176813
840476
12934039
20355
826799
20351
837391
830841
830840
830843
826791
826796
837392
5163
826795
398529
837393
12931184
824862
824863
56001
284161
824865
835546
828378
44505
828371
828377
828374
830900
5656885
826427
826420
26279
179795
179794
179796
179791
179799
237436
2540738
30549
29533
2540730
2540731
2540732
2540733
2540734
2540735
2540736
2540737
827774
838540
178229
5166
12930639
172891
178221
1349
172890
1340
134430
1345
621893
145773
34840
5167
59287
59286
50754
830666
50757
12931061
92106
92105
92104
50758
666342
174419
399761
66624
180149
66629
174410
110842
174416
8372
8370
12930749
12930746
12930747
12930744
12930745
12930742
12930743
12930740
8379
829954
36278
829950
216831
389136
83561
2541067
2538849
2541065
361321
2541062
2541061
2541060
12934449
350383
192349
192348
2541068
266885
217127
217124
23262
830663
363084
151112
318627
56222
318625
318622
12934413
85378
23261
55287
665233
26353
26355
26354
26356
26358
2538842
57149
32501
51086
51085
32502
32505
32504
32507
32506
32509
32508
23269
55709
51088
2542606
3628
2542602
2542603
3621
3620
3623
3622
3625
3624
3627
2542609
282312
12931067
282318
282319
246507
57703
57700
57701
57706
57707
57704
57705
57708
57709
256586
12934417
116653
824314
116651
116657
116655
116654
92241
116659
227325
102866
811370
3772383
830747
824311
838966
643376
820670
113026
120071
24849
820135
35877
810857
810850
24842
24840
192270
199692
816928
12933325
12933324
12933327
12933326
817499
817498
398662
728358
817497
246294
817491
817490
12933768
444278
2538732
417158
36183
819314
820137
12933764
218236
294568
293719
12931455
2872670
99045
12933761
2538734
819311
9652
9653
9650
36999
9656
9657
9654
9655
36992
36993
36990
36991
36996
4952
37021
37022
37025
37027
37029
37028
187516
187515
12932630
12932631
12932632
12932634
12932635
12932636
12932637
12932638
12932639
2539231
12933581
817788
12933583
12933582
12933585
12933584
841465
841464
12933589
12933588
841468
817665
100037096
811123
32841
113970
380397
811120
40870
226747
388389
44390
12932986
12932987
12932984
12932985
12932982
12932983
12932980
12932981
811124
12932988
12932989
67239
811432
811435
811437
3885858
811438
398119
67235
432254
342527
851569
851568
851567
851566
851565
851564
851563
851562
851561
851560
220965
12176
819234
3885968
3885969
220963
3364
6418592
3362
3363
30273
4957
837853
2542837
76044
380279
4277
361071
448834
855400
586
6779
132299
97827
72293
170768
66530
2540564
170762
170761
170760
170767
2540567
91319
79248
143570
131920
2540566
835393
837859
3643337
59344
2871788
80219
225215
183510
2540560
35319
825226
825221
338058
35311
855408
338055
35312
35315
35314
35316
23181
23180
23187
23186
23185
23184
188632
188633
23189
812162
185205
272359
92745
3645918
837373
181917
25923
25921
25920
25927
25926
25925
25924
25929
25928
3772192
816840
180359
397870
837773
12932889
180357
72433
23451
23450
23452
228359
23457
23456
101266456
76959
326148
326146
326144
3783
326142
821251
326140
326141
397111
177239
397112
8798
852149
73526
852144
852145
852146
852147
852141
177236
177237
96626
821198
853239
853238
171964
171965
853235
12934513
171968
853236
853231
853230
853233
853232
6125
6124
85253
6121
6120
6123
6122
6129
6128
29209
855699
855698
855695
855697
855691
855690
855693
855692
839079
839073
841617
839077
386612
181007
181004
181002
12932885
121227
80210
396396
303501
182262
173449
20810
173440
173444
77605
440563
21771
817824
817825
817827
817820
55179
817828
12932883
837683
42919
42918
55423
42915
42911
3643626
42913
42912
2539627
2539624
2539625
75607
2539623
2539620
75608
2539628
12932882
184988
837680
138639
80213
184980
38400
184984
38407
38404
856349
12932586
856342
856343
856341
856346
856347
362759
856345
854274
854275
854276
854277
854270
854271
854272
854273
71382
854278
854279
837589
838160
100170217
176320
12931451
31967
33001
838083
70381
172319
33000
826790
172310
8974
172312
172313
812887
54926
36039
36038
54925
36031
36030
36032
36035
36034
36037
33209
33208
14389
14388
84661
84662
33201
285521
33203
33202
84669
33204
33207
33206
824702
12931328
379355
12932191
80217
39757
39756
39751
39750
39753
39759
39758
841095
44079
12933795
12933849
44071
44072
314621
812950
311567
728577
70925
41758
39198
12978
12931274
12974
154141
41756
41757
12971
174257
174256
174255
7082
7084
7087
7086
7089
7088
692088
851796
174259
388228
184221
12931993
12932192
827661
827969
8170
76561
8174
8175
361084
8178
222546
76568
283209
283208
12931998
6949
6948
378529
54828
26927
6943
6942
6941
6940
6947
6945
6944
100130417
171159
242570
217325
2768722
89872
379825
379826
379820
100359583
66455
379829
811376
40404
40406
811372
833782
40403
40402
40409
40408
811379
126208
12934313
398012
838653
818967
47757
28977
28976
28974
28973
28972
28971
28970
819614
817951
261729
500233
261726
819619
12934318
174924
174927
174926
69956
69957
843714
55701
12930534
842904
43279
43278
135154
12932420
43273
101437
43270
43277
43276
43275
835365
12932422
19159
19158
12961
835360
830782
830783
19157
19156
340307
830784
830785
397256
94201
283600
816774
43180
43183
43185
55703
210933
43186
43189
60352
81777
60355
2539079
828510
828511
100381043
838063
2538893
838060
838064
835098
424059
154075
839331
839332
839335
587
440482
346606
2538917
2538916
2538915
2538913
2538912
2538911
2538910
582
2539070
498736
842041
842043
80758
80755
80754
40600
80750
42588
46008
200895
42581
42586
42587
42585
12931486
821179
12931487
821176
64294
821174
64292
12931484
64290
821170
7867
7866
7862
81775
2541210
191516
7869
12931483
16818
42632
42633
42634
12931480
42636
42637
42638
821577
5722394
841259
5726203
821576
831124
831127
831126
81772
831123
831122
187178
12122
12125
831128
53607
841660
53605
321007
10413
10412
10411
841666
841668
90007
2655128
10419
53608
50350
9328
9329
9322
9320
9321
9326
9324
9325
8941
8940
8943
54951
8945
54957
54954
54955
3642269
54958
54959
829740
100887067
832301
829744
2831
829746
823992
2830
26973
2655121
135948
827638
851768
851765
851764
851767
827631
851761
851760
851763
851762
1991
255252
1993
1992
1995
1994
1997
1996
1999
1998
58185
58184
58186
211429
45064
169841
3767694
2861
2862
2863
415721
68117
2867
2868
2869
44339
814930
814936
285987
854447
3642887
217866
837321
217864
5055
24231
151636
840530
24237
79001
79000
79003
79002
79005
79004
92949
38788
79009
854443
34208
2654990
175851
5052
175649
12933871
175646
175645
34203
34204
34205
34206
12933876
2541452
2541450
2541451
2541456
2541457
178079
2541455
35153
35152
35151
178074
178072
35155
35154
8455
844199
222950
844193
91663
91662
91661
844197
832068
12932250
38786
188340
89816
496383
843110
130502
188348
130507
51473
23619
51471
51477
51474
51475
23613
23612
51478
51479
23617
23616
35185
2777172
2540505
2540504
59322
843117
2540501
2540500
380928
150946
2540509
547889
73723
73728
230784
425042
337974
100354037
20495
18114
18115
353139
293524
79844
92312
73095
55937
51297
32312
51295
32314
32315
32316
32317
32318
32319
165904
51298
230789
58234
361431
644943
117407
231670
816391
816390
54991
816394
12931464
12931465
12931466
26499
25615
25614
25617
12931463
843420
12931468
12931469
55994
55997
253943
844142
677850
220441
823542
308869
816641
38254
78394
220717
3885877
816648
79581
26140
19659
309196
26145
26146
26147
26148
26149
79583
837518
2540350
837519
2655247
12931334
854072
854073
854070
854071
854076
854077
125
854075
854078
854079
5547
79827
12932284
79825
2542890
2542831
5544
2542833
12932282
2542839
75196
79829
79884
2051
2050
2053
2052
2055
2054
2057
4829
2059
2058
4824
79886
4820
4821
92014
122011
29432
8459
837140
33449
837142
12933658
33443
33442
33441
33440
33447
33445
33444
57437
92017
222171
12798236
100049755
36541
36540
185875
36542
185873
36544
36547
36546
36549
36548
2540984
63877
63876
63875
63874
12798237
843507
852761
63879
320484
12932860
12932863
175240
12932865
12932864
12932867
12932866
12932869
12932868
823322
100128525
172213
34949
34947
34946
34945
34943
34942
34941
31336
12930536
244418
168850
12932410
396418
254122
219771
146456
335195
76365
316265
841346
841347
841343
311647
820389
228140
853868
853869
2540358
853860
853861
853862
853863
853864
853865
853866
853867
33991
33992
33995
33994
223499
12930387
2540359
231470
173229
734610
173221
173227
12932413
39343
39340
137695
822058
39344
5899
822054
39349
822051
11232
822053
31598
31597
31596
31595
31594
31593
31591
180961
12934427
18761
12934425
12934422
12934421
12934420
375337
245537
89941
12934429
12934428
308322
18762
822580
12930860
12932415
12930348
822589
183700
811608
811609
137529
3783716
555778
856568
856569
642938
856562
856563
856560
856561
856566
856567
856564
856565
340371
812558
12930343
812552
812556
813608
12930341
65111
153527
813600
813602
484931
4330935
12930347
361605
309757
287417
854843
854842
854841
854840
854847
854846
854845
854844
854849
854848
838261
838260
838263
203238
838267
838266
170591
3885919
680407
172682
172683
172681
172687
172684
172685
839137
832306
172689
839133
832302
839131
825054
825050
54865
12933447
3772633
185013
181709
181702
181705
186632
819967
819966
819965
100507321
821775
186634
40273
818302
74450
616627
42032
171888
42031
838881
42037
838883
838882
12930795
171880
171883
171882
838889
171884
855710
855711
855712
855713
855716
855717
855718
6683
32813
6687
201965
829745
734806
100042375
3885918
853008
853009
853002
853003
396055
853006
853007
853005
6356
6357
6354
6355
6352
182543
173768
6351
286451
173764
80055
173762
173763
6358
686499
54943
841776
10169
10168
10166
10165
10164
10163
10162
10161
10160
836378
835930
835936
835934
835935
836370
362827
835939
836377
836376
12932804
363474
447300
546155
285220
14884
14885
14886
2539189
2539188
2539182
45268
2539180
2539187
2539186
2539185
2539184
243548
827343
827341
35355
44135
827348
44131
2655018
44132
399558
3637319
689593
13406005
2539455
84251
2539457
281105
84254
818378
84256
2539452
1601
1600
1603
1602
1605
1604
1607
843833
266812
384009
294917
12404
71175
2541611
40308
40309
2541614
2541615
2541616
2541617
40302
40303
40300
40307
40304
40305
5476
837427
837424
5475
207063
837423
5470
837421
14265
14266
14260
830439
5478
5479
45884
45880
45881
246118
366605
175339
175338
393134
360926
3772069
360921
445133
381485
3644369
2873945
238217
3640873
254879
29124
20957
100381163
12930877
837935
208177
398608
12930134
284680
12930136
12930131
12930130
12930133
284685
140597
12930139
12930138
29901
29903
83700
83707
29904
29907
29906
83709
396203
841914
319101
396201
831278
25896
1466509
195827
25894
2541875
831745
71777
819137
318855
819132
318859
831749
831748
779181
10020
171050
836259
420594
171058
843975
374569
207932
12934382
79738
12932967
163688
296197
93099
12934380
65115
9221772
12934381
179024
12934386
436022
12934387
12931666
7549
12931664
12931665
12931662
12931663
110147
12931661
7541
7542
12934385
7544
7545
7546
7547
835115
838744
835117
19348
19349
838740
835113
19344
19345
19346
19347
19340
19341
129401
55964
65199
100049175
65192
398194
55966
441549
310461
64823
55967
843693
10998
10999
383491
10994
10992
843698
10991
7349
12931793
26050
810403
810401
305420
116595
76380
11603
116590
66929
116598
500017
2213
2212
2217
8817
2215
2214
100039376
10081
2219
2218
3772392
855238
43023
43020
191230
387640
12930422
832465
832467
832466
211323
832468
3638770
735130
102414
855237
12931439
855236
9429
11648
235339
9421
11640
9423
9422
9425
70439
11647
9426
17777
17776
17775
17772
12931713
2540797
64313
60672
60673
60674
824085
60676
824087
60678
64319
64318
2542280
215008
388951
833518
820294
12931437
2542287
42777
811945
42770
42773
42772
12931434
21399
3770503
27494
211586
730262
57528
841584
841585
99412
57529
850609
850608
841583
850605
850604
850607
850606
850601
850600
850603
850602
829874
9289
831223
9284
9287
152579
9282
396416
813127
269224
836661
3647888
12930865
57526
2539113
3355006
152573
2540208
10207
10204
10205
10202
10203
10200
10201
2540200
2540201
2540202
2540203
10208
10209
287552
834150
3772641
176527
176526
37962
37964
37966
37967
30998
226407
34433
30991
34431
34430
34437
30995
30996
34434
27418
814878
814879
4961526
4961527
4961524
4961525
814872
814873
4961521
66310
66313
24379
66314
66317
653214
2983
2982
114851
144363
2987
2986
12934151
2984
150365
68926
217980
835202
826739
67951
67952
67955
67956
67958
65062
851264
851265
851266
851267
50196
851261
851262
851263
615026
851268
851269
2541559
2541558
2655158
826730
446470
79612
79613
844259
439
79618
55787
435
432
433
430
92293
852519
852518
440738
834707
852513
852512
852511
852510
852517
852516
852515
852514
856609
856608
282205
856603
856602
856601
856600
856607
856606
856605
856604
32871
55015
181545
32872
32875
32874
32877
32876
197320
197322
100380998
93742
834823
3361342
55781
836810
40891
12930277
374378
12930275
12930272
12930273
12930270
12930271
100775870
35473
35475
35478
107823
390502
43797
12933173
778059
3646880
834702
23808
64093
51384
9100
842994
23802
815830
23806
23807
23805
244879
55783
27139
27132
27130
27131
2655153
27134
25400
815981
25404
25405
827479
280655
32295
32294
32297
32291
32292
853640
853641
853642
853643
32299
32298
853646
853647
13480
842992
299982
839522
810633
23383
2542116
2542117
2542114
2542115
2542112
2542113
2542110
2542111
75870
75871
347292
98732
2542119
39962
5357
39960
39961
39964
5356
39969
1052
836179
836178
32123
32122
32120
32126
32125
32124
32128
51380
84933
816564
816562
1056
3400
822284
24767
26267
227619
26261
26260
26263
12798460
56095
227613
56097
26269
26268
57325
57326
57320
37511
37510
816020
37514
3639710
37516
51382
37518
376267
12932120
84013
12932122
12932123
3799
3798
84014
172287
3795
12932129
3797
3796
3791
3790
3792
270151
2155
4983
2157
4985
2152
4986
4988
2158
2159
179732
12931587
202459
820884
820887
113444
820882
820883
219114
329002
329003
14060
852618
3249
3248
3769417
3242
3241
3240
829490
70750
70757
79875
81565
20512
2542865
285973
69697
285971
4311
79870
843453
238055
79871
38775
823281
823280
823287
2542860
38772
38773
4314
2542861
401466
38779
2655314
2069
852614
4317
13498
843459
40144
40145
40146
40147
40140
40141
40142
67443
12933299
12933298
83547
83546
40148
40149
83543
112714
18189
18188
18187
18186
18181
31289
234686
12931582
13490
855992
855170
855171
819330
855173
855174
855175
855176
855177
855178
855179
819339
229285
12933747
518
12933745
12933744
12933743
12933741
171293
811109
840051
513
515
856762
517
840050
666937
856763
14113
812456
31966
3639830
812452
812450
812451
6536
642954
6535
6532
31964
6530
6531
856767
6539
14114
840059
18475
842582
399823
814688
64185
842585
814687
814686
814681
77805
814682
72325
838186
838187
239017
72320
72323
72322
842633
842637
842589
315713
88455
177929
298947
9164956
298942
184248
3783699
177921
177923
177926
286919
35809
35808
31388
31386
31387
35803
31385
35805
31383
31380
31381
835469
103806
3799967
3799968
835465
398884
835461
223915
2539235
373628
2539237
2539236
831378
84777
2539233
2539232
84838
831375
831376
2539239
837132
831372
831373
493753
4163
4162
4161
4160
839583
811815
839580
811813
811812
839585
4168
483489
342908
342909
6543
317996
56849
12931337
241576
232440
283576
17350
852250
852251
852252
852253
852254
852255
852256
852257
852258
852259
829131
829135
829134
172728
43550
43551
43556
43557
43554
43555
43558
43559
172725
172724
172727
172726
20692
175444
824785
817382
179141
13401
41959
13405
824781
4607
832115
832114
41952
832111
41955
832113
41957
3647517
244431
224903
224902
396489
46456
152503
396482
396485
396486
396487
20602
81929
81928
3636038
824710
23921
824712
81922
824714
81926
820417
820416
80036
820414
407785
80032
828660
828661
828662
820419
820418
205327
42209
42208
200132
42204
42207
42206
163154
85007
85004
42202
2540046
2540047
2540044
2540045
2540043
2540041
2540048
815027
252973
9668
252971
290364
66861
150379
7368
7369
7360
415577
7364
7365
7366
815024
176729
54529
11938
11937
176724
9949
176721
54522
54521
54520
70415
12932853
179718
59178
59177
59176
59173
59172
59171
174766
60481
37081
174763
232976
18744
499877
388939
174768
12933400
176891
2655193
399457
257194
399455
2655196
51121
826712
37080
826711
84351
84350
84353
826715
364694
826719
545262
821902
398438
548611
119369
246439
15944
2541795
174493
821901
2655221
2541790
2541793
2541792
174498
2655229
2541798
728340
821907
821904
25827
650560
164312
1038
1039
1032
1033
1030
1031
1036
414715
20866
414712
285382
414719
52696
100009325
140462
11069
11068
255738
25562
2869361
11060
11063
11062
11065
11064
11067
11066
8660
8661
8662
8663
8664
8665
8666
8667
8668
8669
17897
283518
3647536
843221
817376
843225
843224
252902
282890
17913
126695
66840
220108
51009
51008
51006
3640628
51004
51003
51002
300711
51000
214968
832943
306380
832941
834494
127343
12931037
12931036
12931035
834477
12931033
12931032
12931031
12931030
827785
834479
12931038
2539789
126969
12932831
217705
126961
8085
8086
8087
8082
8089
2876830
2876835
828367
832473
213464
25179
817768
817761
817766
25176
25177
850858
842572
842573
842577
945880
812317
3645665
4345634
850859
10813
10811
10810
10817
10816
56259
10814
56257
56256
56255
10818
56252
17748
2543559
57128
57129
57126
2543554
2543557
2543556
57122
2543550
57120
2543552
150465
835701
835700
12931573
835702
38463
835709
854618
150468
183192
183193
120526
2395
69642
309548
326226
326224
499558
810239
379666
305679
810231
810233
810235
191690
810237
1859
1850
1852
1854
1855
1856
1857
43617
43616
43611
81029
43612
422594
81025
81027
43618
81022
851879
851878
851875
851874
851877
851876
851871
851870
851873
12934128
190737
137392
116039
83849
12930856
12930857
12930854
12930855
12930852
12930853
12930850
12930851
36912
36913
53335
36911
36916
36917
36914
36915
36918
53339
812822
54646
396783
54644
4346803
8622104
9197
2540009
168374
820609
83841
18007
824525
20135
12933509
12933508
12932600
12933501
83844
12933503
171860
12933505
12933504
12933507
12933506
817921
140594
432467
817920
42990
735054
817923
375748
375743
839201
817927
16918
817926
91392
728294
850478
850479
841791
841793
850470
850471
850476
850477
178230
447264
9673
444083
814447
814446
605
604
79797
23108
79791
602
23102
23101
284427
23107
608
23105
429062
30819
30818
12932834
842513
30815
109331
30817
109333
30811
30813
30812
29677
444555
73830
26886
29673
29672
29670
31148
2541963
2541960
2541961
2541964
447196
31140
31141
31142
31143
31144
31145
31146
31147
55199
55198
91977
91975
55191
55193
91978
55195
55194
55197
55196
855569
855568
855563
855562
855561
855560
855567
855566
855565
855564
180027
35390
35393
35395
35397
35396
35399
35398
107321
6489
66105
66108
542384
6482
431883
56888
15396
3856
3857
3854
3855
3852
3853
3850
3851
2540007
24653
3858
3859
38955
38956
38957
816156
38953
38958
38959
36588
852728
852729
35537
35536
35533
10870
852720
852721
852722
2542090
852724
2542096
852726
2542094
856038
856039
31858
116940
856030
31853
856032
31851
31856
856035
856036
31855
55227
55226
32622
53569
32624
51763
51760
32627
101240
32629
165215
51768
55228
2542325
2542324
38480
2542326
38486
38487
38484
56751
38488
38489
2542329
2542328
56758
12931382
10512
496301
186855
53563
4556
16323
4552
4550
29353
85240
74081
53566
130162
29355
27304
27306
27301
444035
27303
27302
53565
181082
40330
361596
3642342
844248
176231
817200
326619
146713
817205
817206
817208
21408
25239
25238
8863
12934455
520277
74334
74335
74337
12934453
854762
854763
854760
854761
854766
854767
854764
854765
854768
854769
139324
21406
75669
850865
850864
21407
850861
850860
850863
850862
850869
850868
2543054
2543055
2543056
836707
836700
2543051
2543053
2543058
2543059
297518
8364
71302
829425
12930757
212898
811805
12930756
12932243
161753
84197
84196
33179
33178
84193
1466458
84191
8368
1466455
33172
33171
33170
1466451
1466450
33175
1466452
831958
831959
402998
831956
12932246
50853
7009
7008
7001
7003
7005
7004
7006
33281
854187
37702
37703
37704
37705
37706
33286
33289
37709
180843
180845
180844
854188
100494
12932371
41425
100131816
12932372
41420
12932374
12932377
41423
12932379
216821
41428
740
741
744
746
747
820127
398986
837075
837074
837077
837076
837071
837070
299052
47869
837078
3077532
3077530
316794
3077539
814160
180423
40489
40488
814166
291245
40485
40484
40487
40481
2541076
40483
40482
14567
33824
33827
856859
18022
33820
33823
33822
856852
856853
856850
856851
856856
33828
856854
856855
38106
38104
38103
810869
38101
38100
38109
72828
284252
284257
834672
31461
31460
834676
31466
31465
820049
843793
171736
31469
394362
843797
830941
830702
5741
5742
5743
5744
5745
5746
5747
828840
828841
830708
828843
827775
132158
838571
838570
838573
823749
838574
827773
823740
823741
3640396
823744
2540649
822296
822293
492361
492362
822299
822298
828592
828590
828596
815712
3641509
828598
83815
842779
842777
314930
812644
842771
12932136
15214
132864
173399
173398
173396
231769
173392
173391
14181
39274
39275
819699
39270
39271
177886
2876583
819691
177882
177880
14182
2538999
2538998
2538997
2538996
2538994
2538993
2538992
406738
2538990
42502
838394
42500
42501
42507
42504
42505
16542
42508
42509
838399
816444
152002
283970
84976
84971
84970
84978
177779
177778
29902
839629
832634
839627
832636
839625
839623
839620
839621
16891
830947
16897
833945
16898
833947
31890
4349420
241431
37943
12737
829075
829072
829073
39985
64168
2539161
821248
2539160
64160
821244
821240
821243
64167
820598
820599
814051
152330
2539165
820591
820597
820594
2539164
818274
2539381
818276
818270
2539167
353355
818273
3637592
692312
57104
2539382
41859
45577
832096
832097
41855
41854
84679
554206
41850
172118
41852
57107
2539387
3644892
404778
90557
2539386
90550
54480
190243
54482
56311
54485
947253
54487
2717000
23666
116254
1911
1910
1912
1915
2703417
1917
2703415
13211
379553
179034
117503
179030
179032
179033
4013
3771790
10499
10498
10497
10495
10494
10493
10492
10491
10490
883
837917
881
642658
887
886
885
4017
889
14450
286942
176914
4016
45396
24577
246602
246604
246605
20016
20017
246608
20019
4014
122416
45398
45399
304883
51090
304881
32513
54039
824902
55773
824907
824906
820624
820626
51093
820621
55775
5244
820628
820629
32517
379992
51096
826505
34333
285641
285643
55776
179691
179693
179695
51099
179699
32518
830948
34334
29477
281165
734460
813889
136263
40819
40812
40813
40810
12930421
40817
40814
178342
400709
1268
164127
1263
1261
1267
1266
1265
1264
179968
8788
2540589
2540588
2540587
2540586
2540585
8780
8787
179967
8785
2540580
545389
174515
307347
3885750
177016
174512
388743
818317
244810
174518
179461
148811
5104
566547
179467
5105
8431
8433
8435
175766
284110
8436
8439
8438
41641
175767
284119
9825
9824
829852
9826
9821
9820
9823
175769
365352
9829
9828
2541184
2541185
2541186
34988
2541180
2541181
2541182
2541183
50567
162989
2541188
257144
414695
730394
282808
151011
34320
89891
89890
66477
816311
816310
318747
816312
318741
816314
816317
12930550
816318
189077
231872
12930558
26413
26410
26411
26416
26417
26414
26415
282208
26419
2540801
17203
233410
13869
2541238
2541236
2541237
2541235
2541233
2541231
55421
178738
32420
55422
55425
32425
32428
32429
843845
836392
2542523
2542522
2542521
31558
56194
56195
56196
374159
2542529
2542528
399909
110074
114757
13861
100151416
17201
843840
110078
92935
104303
118663
840859
148109
818343
32398
830631
51218
842985
32392
32393
32394
51213
842983
197259
12931208
12931209
12931200
12931201
12931202
12931203
12931204
12931205
12931206
623046
813555
151903
817049
817047
25037
817045
5407
25033
837441
830427
181771
423560
54665
12931367
24923
24924
830498
494468
64403
2585
64400
64407
2582
64405
2580
2589
2588
817598
817599
191385
832387
280
817591
817592
3957
386682
817304
817597
210126
285
2926
36897
36896
36893
2638
36891
2635
2634
2631
821786
380687
2632
834032
9595
9590
2540502
9592
387082
441869
100287932
269536
12932573
106344
12932571
12932577
12932576
856587
12932574
12932579
12932578
38884
2540918
2540919
2540910
2540911
2540912
2540913
2540914
2540915
2540916
2540917
9049
9048
9043
9040
9047
9046
9045
9044
37271
37272
12933568
37274
1537
24074
37277
20977
12933567
68188
20974
20972
728556
68183
20979
12933564
814766
814767
814763
814761
819957
841963
155971
71853
80315
102857
80314
68239
80317
30131
851853
30138
380538
80310
31269
31268
4338
1534
31265
31264
31267
31266
31261
31260
4330
4331
3135
3134
3639813
180185
3131
37859
3133
840078
37854
37855
37856
37857
37850
37851
37852
44154
268373
100019
191317
44150
44887
183250
825503
180789
825506
825505
361684
180783
180781
180785
147645
447455
196441
91584
91582
3634838
183789
495515
67465
12933688
25804
25805
3772091
25807
25800
25801
25803
188067
66736
2541723
66734
185099
812339
130827
72776
76856
181783
72775
12933689
24851
23312
23313
23310
23317
23314
23315
105855
177573
177572
855248
855249
855246
855247
855244
855245
855242
855243
855240
855241
6731
852028
5740457
852023
852021
852020
852026
852025
852024
171801
853379
32987
171802
32981
171804
32983
32982
853371
853372
850453
32989
853375
853376
853377
6601
6602
6603
6604
6605
6606
6607
6608
6609
837440
838801
838800
139425
824669
855798
855799
379149
39387
855790
855792
855793
855794
855795
855796
855797
145645
180257
180251
110911
2539994
39383
140690
181124
824667
181121
181123
644669
140699
2539997
124583
816055
22041
22040
22042
57810
852689
852688
852686
852685
852684
852683
852682
852681
852680
817903
817901
817907
817905
43928
43927
43926
43924
828179
947497
139285
444243
854689
854688
2539101
2539100
2539107
2539106
2539105
2539104
854681
854680
2539109
854682
854685
854684
854687
854686
4691
4690
4693
4692
4695
4694
4697
4696
852971
4698
852973
852972
852975
852974
852977
852976
853082
856268
853080
853081
853086
853085
856261
856260
856263
856262
856264
856267
5160
854532
854531
854530
5164
5165
854535
854534
5168
173983
854539
173981
173986
173987
173985
839866
172054
172053
246448
839863
122651
246445
839868
839869
172059
281181
821998
843346
237211
820022
820020
820021
820024
820025
2872200
362566
146691
128308
43729
84787
34540
33323
684097
33324
246198
55784
55785
41381
41383
79698
41387
39896
39897
39894
39895
36664
36665
36668
495507
613462
83833
39899
72145
830504
391491
812046
100126299
100505776
41656
446555
311405
41652
41651
41650
1180
84436
84437
84433
390155
390151
200081
326846
379160
568683
40382
836514
836517
83788
40386
40384
819193
83782
40388
40389
83787
83786
83785
1466489
13518
16007
395506
231380
779341
734724
175913
175912
283120
8237
831725
175915
15530
8239
175918
10136
30833
734709
2540139
206338
3361401
65166
69834
221504
399335
7639
9943
30837
174066
174067
56479
7634
34397
37132
37131
37130
37137
196383
37135
37134
35580
34395
34277
318582
2540136
9945
320332
40527
40524
40522
44861
177600
822312
315989
136242
822316
9948
40529
178898
177602
440400
56477
178893
178892
178895
178897
177604
818843
818842
818841
818840
208691
319189
359845
319185
818849
2542025
2539925
2539924
51789
2539926
27285
2539920
2539923
2539922
819718
100302168
836307
2539928
827841
836308
282291
19934
827845
3647728
312451
320873
827849
19933
843614
692224
811521
296278
2768944
2768940
2768949
2768948
2543371
38315
57783
3640217
2541988
239528
37110
5740715
57781
116519
2543375
3361407
836006
159686
12934038
834821
12050
834827
287119
114971
496354
834829
2543376
37037
5950
11538
5955
5954
5957
5956
5959
399311
2541981
65112
65113
65110
818382
835198
65117
65114
103537
835195
835196
835190
835191
835192
12054
34640
187502
64648
64645
64647
64646
64641
64640
839471
148223
3644468
144100
665129
5007827
79695
18415
12932622
230
79441
214742
825807
12931770
64399
64398
64393
824001
64391
12932624
64397
64396
64395
191419
12934095
255061
830165
12930927
74776
12932628
842251
19109
842254
842257
842256
17261
17260
831243
831244
17268
9205
9204
9201
9200
9203
9202
841504
245865
18511
9209
9208
90326
245867
4324201
110821
12370
12371
353255
176039
54859
64639
54857
18516
54855
149175
176031
54852
176033
54850
10288
851324
10286
10287
10284
10285
10282
10283
10280
123803
49821
12933957
21577
851321
851320
68436
17480
2745418
160287
13395
13394
8626465
25467
13390
13392
829551
829550
100302213
829555
829557
2873141
851152
851153
2541887
851151
851156
851157
851154
2904
851158
2908
2541889
2541888
12933955
496403
100043349
466165
80905
3354971
69269
3354977
20195
20194
79120
79121
20191
20193
3355084
32026
2655023
3355089
20198
2540280
2540281
2540282
2540283
2540284
2540285
2540287
2540288
12933935
12933936
12933937
12933930
12933931
12933932
12933933
178139
815374
178132
178130
395269
178135
54149
54148
818387
852381
54141
818380
100874261
54145
443730
91748
79699
20220
175070
175071
20224
79690
79691
20229
79693
175078
175079
91746
79697
828205
67665
813312
828208
3636457
23554
23555
23556
23557
188265
23551
23552
23553
12932995
66537
23558
23559
12932014
12055
51538
51537
51535
51534
51533
51531
51530
2540424
2540425
2540426
219874
59047
2540421
2540422
59044
303241
41022
12932011
398823
771257
315716
100128025
813319
23880
23881
41026
23885
74617
2539409
217012
217011
182756
8574
41028
8576
8577
8570
8572
8573
447064
84263
382406
398900
2539405
26061
692204
84265
2542689
84264
35742
843932
843931
35741
35747
35744
843934
35748
35749
174309
51393
9164893
9164894
9164896
9164897
9164898
32214
51399
32216
22687
149951
816296
816297
816290
816291
69878
12798171
12798170
844385
816298
189133
22689
26595
231713
29958
818622
56548
56547
257000
945571
282016
811404
12931505
12931504
12931503
12931502
12931501
12931500
36364
221692
2539904
12931509
12931508
65255
65254
65257
65256
65251
65250
12931652
69263
65258
12931769
835889
811402
227695
227699
75560
2541669
110172
2541668
2300
100736515
25488
25489
1466483
827998
25481
420288
226154
854331
854330
3717
3716
854335
854334
854337
854336
854339
854338
348174
3718
21907
810927
79901
79902
116891
79905
342538
79908
4909
4908
100873815
2302
4901
4900
4902
4905
4904
4907
841082
2543248
57639
57636
327035
57634
2543246
2543240
57630
57631
35756
13177
837625
837627
837621
837622
12931326
36462
185933
36460
5686
36466
53822
817659
67399
143941
817656
36468
36469
817650
1186
447146
1187
281722
1184
38932
1185
281420
830463
84765
38930
34828
12933218
38931
830461
12933211
38936
12933213
34823
813330
2306
38937
10400
852744
837755
30939
2703383
210376
22784
6820
6821
6822
844387
6827
6829
447145
853946
853945
853944
853943
853942
853941
853940
80864
850363
850360
850361
850366
850367
853949
853948
35513
4336589
187425
856053
814352
814350
31872
814355
814354
33652
33650
856051
37339
33657
33654
33655
37335
37334
37337
37336
37330
114023
35514
109825
15081
822159
39429
39428
2541913
39425
39424
39423
39421
39420
31658
31659
399380
31651
4249
31657
68375
2745753
57434
79887
71834
827995
339479
67341
2543085
30932
34172
34170
34171
34176
34177
447129
35881
35880
35882
35885
4240
35886
35889
35888
4241
811721
2543089
811723
856409
856408
12934292
12934294
12934297
856401
856400
856403
856402
856405
856404
3885899
10407
76130
834800
815400
3885894
3885896
811897
11516
852867
811890
299625
811898
317911
23117
818036
317917
317916
317919
838724
54208
150275
18563
239099
150274
838108
838109
948484
838104
27091
838106
838100
103733
811525
65171
35225
79250
35227
11835
35221
35220
35223
35222
839275
839274
839277
27092
35229
35228
839273
2538892
16150
2538890
2538891
188742
2538897
2538894
16151
234388
2538898
948482
185118
16153
79256
12932300
65178
79257
838729
813766
813765
813764
3361064
813760
100043022
56320
246777
314251
14367
101489
832405
323269
100513186
813495
527201
855459
52432
855457
855456
855454
855453
855452
855451
855450
34530
94093
320795
56995
853129
853128
233826
56996
853121
853120
853123
853122
853125
853124
853127
853126
6011
6010
2654996
6015
6014
6017
6016
6018
130574
56421
100507203
10048
10049
836236
396262
10040
10042
10043
10044
10045
10046
825251
11840
173539
825257
255119
313707
811274
39581
821543
838338
12931655
821544
134359
821548
13198
813651
134353
827261
2655111
2655110
2655117
2655116
2655115
44279
44276
44274
44275
44272
9164975
44271
42829
854477
854474
854475
854472
854473
854470
854471
42821
42820
42823
42822
42825
42824
854478
854479
2539712
38534
38535
823948
2539717
38530
38531
5083
5082
5081
5080
5087
823943
39941
23199
34615
2541715
2541714
2541710
2541713
2541712
5331
5330
5333
5332
5335
9164979
5337
5336
5339
5338
818148
9164978
298012
844383
12933456
64763
175273
175270
246074
175277
175275
246254
164395
812170
36145
36144
123970
36146
360734
36142
70495
70497
252460
64760
33515
33514
33516
33511
73173
33513
33512
12931654
33519
33518
71722
18739
827622
27329
87178
102724159
87171
29820
121278
137872
83666
83667
83660
43316
2912
217258
69121
47998
175895
175890
255762
821056
318957
242425
813502
178443
178447
821059
100271066
25939
2914
797
12550
816870
729092
12554
12555
12557
12558
8000
8001
12931749
12931748
763
12931741
816874
12931743
12931742
12931745
12931744
12931747
819162
834162
361825
7469
7468
50930
7462
7461
834169
50934
7466
7465
50937
65096
65095
65094
838660
3640007
16071
836093
838668
286940
146779
817263
3637183
3635979
829379
833672
10899
10898
833677
833676
10892
10891
10890
10897
100788725
829377
829376
820281
160897
817264
841229
817265
835789
835788
835781
835780
734652
2541838
139341
119467
1466417
4329809
13602
834784
13607
498284
2318
2319
2316
2317
2314
2315
843403
2313
192170
81531
830095
830092
830090
5858
5859
408029
81728
52398
94338
94339
56833
17380
74355
94332
56834
304490
43699
43698
828420
828421
90826
43694
43697
43696
43691
43690
43693
43692
63932
63933
830322
63931
830324
830325
830326
63935
63939
11766
11767
11764
11765
64097
832259
12932301
832252
64050
90799
832254
64053
854747
235567
148418
649330
148413
3641662
300079
49165
826907
49168
326157
826900
326156
20525
12933701
20528
45668
326150
352930
841521
177229
427162
326152
824214
824216
344
843396
12932657
3635699
112936
107392
12235
855835
12237
7514
42128
42129
855834
42124
42126
42127
850845
42122
42123
179183
179184
84376
380106
850843
112937
48785
3355124
3355126
3355127
53513
10562
10561
53510
10567
53516
10565
10564
814195
10569
850840
841710
49780
21432
178837
388633
560234
176208
8839
100356314
2745592
8835
8834
176200
8836
176206
176207
8833
8832
35813
179458
143689
331401
171970
729862
115024
143686
32657
179454
12798280
827747
827745
827743
827740
17996
851699
851698
12934050
12934051
12934056
12934057
12934054
12934055
851691
851690
851693
851692
851695
851694
851697
851696
171978
362952
68603
29584
503000
29581
2540696
29589
81573
851342
3361482
851340
851347
851346
851345
851344
11416
851348
364678
302328
58522
58521
58527
58526
58525
58524
84236
58529
58528
66184
66185
34374
33119
34376
34377
34370
34371
1573
684
1571
686
79711
1576
683
682
843876
843877
843874
843875
32275
843873
77579
12876
81571
77574
77573
843878
188180
173348
212167
10240
188189
55111
55110
844066
55112
55114
55117
55116
55119
55118
28185
3361260
3361261
3361262
12359
835141
374038
225870
3637718
114044
81577
12934040
676923
114049
835074
12931461
3565820
666487
12932996
181378
181374
181371
181372
22272
22273
5730
84233
12933956
25729
25728
10261
850368
25727
53472
25722
9164915
9164914
9164917
10263
9164911
9164910
9164912
74006
844276
74004
9164919
822714
12933953
12933950
27385
12933951
2542013
2542012
2542011
2542010
2542017
73381
2542015
2542014
2542019
2542018
853451
853450
853453
853452
853455
853454
853457
853456
853459
853458
836039
550262
12931991
55803
55802
55801
55800
32008
32009
55805
32005
32006
32007
32000
32001
816484
816486
12931840
816483
12931841
26382
26383
26380
26381
23768
26388
57409
104721
50454
836788
836789
168544
57403
57402
57405
297593
57407
836783
24898
810889
810888
24896
810883
810437
3698
3699
12932041
2539701
12932047
12932046
12932045
816738
3690
3691
3692
3693
3694
3695
816731
816730
838838
64930
26038
26039
64934
26034
26035
26036
26037
26030
26031
26032
26033
202559
820961
820960
5739
37788
837782
837781
837780
182058
75062
854108
854109
854106
37781
854104
854105
854102
854103
37787
2542901
2542902
853582
2542907
2542906
2542908
12934483
36787
855859
855858
36782
116666
855852
855851
855850
855857
855856
36789
855854
12930467
12930466
374969
387718
71521
38631
38630
12930464
38635
38634
38637
38639
38638
947572
22637
18595
91461
172978
172979
12932316
172977
172970
440026
12933395
12933397
188971
12933391
83468
12933393
12932313
83464
12933398
83463
83460
83461
100008890
24245
12932310
823438
12930469
38186
38185
38184
38182
38180
811923
12933028
829534
837717
12933023
12933020
12933021
12933026
380718
12933024
12933025
40779
814254
347702
40771
40770
26782
182949
79451
47208
850365
182945
183097
26781
326343
814818
12931596
183098
39580
307459
39582
39583
35095
39587
39588
819561
33667
819567
43051
811007
762
81629
31759
312916
1500486
31751
760
2540080
43056
41726
209027
761
173311
173310
102464835
815612
173319
814811
360643
81622
3451
360640
177800
109672
81620
177808
289615
851138
2261
827048
81626
2267
35929
836324
81624
9269685
35922
35923
35920
12934550
35926
35927
35924
35925
835549
835548
54293
103968
103967
838314
838316
103963
838310
666579
822473
12931994
822477
184472
827040
143162
831437
831436
831435
810389
4282
4283
327437
4281
4286
4287
4284
4285
945829
4288
4289
811916
180549
31993
42907
825298
12933681
818762
818760
818761
818766
813511
79145
818768
818769
474344
205428
79147
418760
852199
852198
852197
852196
852194
852193
852192
852191
852190
4758
825297
361512
43459
22909
43457
4751
4752
4753
2539651
4756
43450
19771
12934141
854939
403527
854937
854936
854935
854934
854933
854932
854931
854930
177114
177116
177111
112479
19266
818759
852449
852448
13527
172196
852440
852443
852442
172192
852444
852447
852446
688272
825122
22903
314352
175581
825129
185709
13007
13006
181631
12932007
13001
75613
175585
824457
20723
824455
824454
13003
824451
116238
13002
122945
824459
824458
124739
828740
120892
828749
820512
33007
80173
820511
820516
80174
80176
837151
80178
6194
6195
6196
6197
6191
42328
6193
139596
42324
42322
46662
42320
824981
178150
824983
45318
824986
134147
20091
246682
2541537
853716
853717
853714
853715
853712
853713
853710
10365
10367
290868
304807
10360
10363
10362
2540982
18012
7203
77065
7201
178157
57050
7205
7204
6222
6223
2542515
6227
6224
54401
176442
6229
176444
176445
54407
70356
3635757
814101
2540679
2540678
70350
179610
179611
179612
2540676
2540671
179616
2540672
4961449
40893
827186
827187
40897
40894
125061
4961441
4961440
100042799
4961445
4961444
4961447
4961446
176992
285315
285313
66419
835849
37401
835844
854963
835842
835840
835841
2539695
2539694
2539693
653333
2539691
837996
802
801
800
837993
805
837991
123722
257415
123720
102640804
100350337
854969
80823
2655303
80821
80820
728269
80824
284889
174595
174596
174597
14587
363096
5274
838342
1777
5277
5270
5271
5272
4379919
14581
114027
1778
100147744
41147
2539520
41145
41144
41143
2539524
2539527
41140
826583
837158
18003
826586
41149
40234
40235
40232
40233
40231
55668
548083
40239
55667
12931997
2541108
2541109
51327
2541104
2541105
2541107
2541100
2541101
2541103
17997
830501
830502
55664
17993
17992
17991
11102
51322
11100
11101
735142
11107
17999
11105
8703
8702
23195
27993
8707
51320
8705
8704
25255
55660
394341
394342
114202
114203
388122
50878
110784
50875
114208
50876
50871
50873
1466436
834088
544241
66968
834081
395963
66964
66961
398514
398517
12930621
12930620
3640905
9221806
12930625
12931325
12930627
17721
2542765
246310
2542764
284194
832865
177140
832867
177141
834337
834335
834334
12932167
852492
834339
541101
79992
18018
12933040
12934276
56310
729603
79990
2540898
12455
12450
395277
48844
311024
12933045
819000
819002
151835
819008
819009
83641
828822
151987
2540893
281794
226823
820370
2538786
12933227
56110
56111
56112
734364
833738
833739
12932163
2543618
2543619
19835657
12931181
2543612
2543613
297756
2543611
2543616
57246
2543614
2543615
835062
835063
834652
835066
835067
729402
80154
824380
826317
158358
26787
145864
12931280
307641
827977
12931283
12931284
85509
12931286
12931287
12931288
12931289
827979
84677
33218
221955
2745765
84675
3636535
302500
49080
4961501
21743
8623882
140545
43156
43157
43152
43153
43150
33213
81703
81702
81704
43158
81706
492303
140546
318636
832422
821871
838558
84678
52563
22828
22827
22826
22824
22823
22822
22821
22820
94101
116173
94103
94104
94107
9515
9514
9517
9516
9510
9513
9512
36817
36816
36815
9519
9518
36811
36810
58220
3642293
840349
58226
100043853
840346
840341
838554
20416
2540990
2540991
2540992
2540993
2540994
2540995
2540997
2540998
2540999
12933626
12933620
12930559
12933622
12933623
33565
101926987
78771
81816
91050
12930185
98878
818640
91056
91057
850739
850738
841692
57931
67177
850731
850730
850733
850732
850735
850734
850737
850736
163227
29288
163223
29282
73379
29286
29287
29284
72083
72088
68815
68816
53895
80712
841072
146279
25884
25885
25886
2540337
2540330
83903
2540332
828715
39749
25888
12931918
12931919
841968
828717
444615
841962
29139
12931912
841961
841966
12931915
12931916
12931917
157927
12934399
12934395
12934397
12931623
12934393
7980
34507
34506
34505
34504
3361180
34500
42373
34509
140460
140467
476915
851066
851067
851064
851065
851063
851060
851061
26610
107045
851068
851069
23064
23065
23066
23067
23060
23061
188577
23063
829112
66226
140469
230073
37999
5723052
12931186
374206
182635
336641
100623753
830303
37998
3077542
221188
50688
50689
50686
50687
50685
221184
23392
23390
23396
23397
23394
23395
23398
23399
74901
151516
852607
852606
852605
852603
852602
852601
852600
813064
813065
813060
852609
852608
31957
856776
31955
31954
31953
31952
856771
31950
440603
35678
856778
207352
102626
101259910
817980
817987
2540273
947175
55300
55303
32908
55308
29648
32906
837399
32902
2542202
56652
2542200
2542201
2542207
56655
56654
2542208
56658
4619
4618
229700
183948
2540278
4610
4613
183946
4615
183940
4617
183942
23936
12797869
104027
128434
2542231
128439
23939
65945
27224
27225
27223
27220
27221
51151
51150
140612
51155
51154
51157
27229
146
147
821913
142
143
140
141
821919
228545
148
36372
36373
36371
25578
36377
36374
7078
817365
36379
25570
817362
25573
85479
85478
85477
85476
128387
298848
854601
854600
854603
854605
854604
854609
39253
947415
396316
855958
855959
855956
855957
855954
855955
855952
855953
855950
855951
2543151
2543153
2543152
812856
39818
39819
2543159
2543158
39814
812859
39812
39813
39810
39811
14394
173907
173904
37950
441234
14396
105372
14397
227723
227720
105377
14390
231932
12798510
2542234
18632
36597
36594
36595
36592
37957
36590
37956
667618
36598
187916
2703434
836595
836597
836596
836592
182393
12631
37429
37428
18968
37427
3639409
37420
37422
12932234
2703435
41302
41305
41304
84708
41306
41309
84707
84705
12932238
12932239
84700
84701
2872132
432130
432060
100129696
5238
200879
835962
12638
835527
1466508
14199
15441
299156
299159
14191
14194
12930181
311245
621054
400966
400961
177753
178812
178814
2543548
811035
814045
811036
233799
33946
33944
84950
33942
33943
33940
33941
84957
33949
827052
837248
837249
414527
208618
837242
837243
84954
837246
23964
363836
34999
831454
175993
34995
34996
34997
84959
284352
34993
3641944
171678
171679
834535
834534
834537
834536
17161
13871
13872
31547
31540
854184
13876
13877
5663
5662
830623
5660
830625
831453
5664
5669
2542372
287543
823668
838438
398069
38398
38399
38396
38397
