12933645
146956
20719
80011
71893
71890
68278
157378
68275
68272
3783750
824429
67426
67427
67420
495234
390327
20624
361171
112802
946941
404018
12930786
5179
946949
832025
109782
79368
79369
229675
79364
79365
79366
79362
79363
397058
4081
4082
12933454
4084
172539
4086
4087
4088
4089
832024
819829
172532
172533
854887
854886
854883
854882
854881
1577
854889
854888
57217
100360426
832027
839246
183747
12930451
91543
183748
91544
80162
431967
180213
180217
431968
825099
23354
23355
23352
23353
23350
23351
825090
825091
825094
23358
80167
76813
76816
852066
855288
855289
852063
852062
852061
852060
855282
855283
855280
855281
855287
855284
852068
819929
817948
817947
819922
819921
817943
819925
819924
100516779
171849
171840
171842
855754
855755
855756
855757
855750
855751
855752
855753
6645
6646
6647
6640
6641
6642
6643
852391
852390
852393
852392
852395
852394
852397
852399
852398
55739
4166
2540211
851120
396017
74241
121340
396019
2538795
839124
139793
286499
173724
173728
57184
231760
2540257
6398
6399
554203
850565
6392
6390
6391
6396
6397
124641
2540254
140447
821737
821739
821738
231413
42314
140926
140927
140922
2540251
128346
820069
820067
820064
850563
820062
125113
820060
125111
45328
810824
852935
852934
852937
184827
2539149
852932
2539147
2539146
2539145
2539144
852939
2539142
134218
856225
856224
856227
856226
856221
856220
856223
856222
39272
856229
856228
320011
7096
2655059
218772
2655056
2655057
312132
844240
84294
84295
84296
818332
5128
5129
170822
84293
854577
5125
854575
5127
854573
854572
830960
854570
2539499
172092
172091
172090
172097
40292
315789
2539490
172099
2539492
2539495
2539494
2539497
246485
830451
550134
39279
828089
14225
14226
33361
14228
100760824
10379
71137
33369
828084
246150
246153
837462
837460
837466
837464
837465
229524
175378
232157
449520
238440
175373
175376
828081
74392
44173
44172
36628
36629
812891
23155
36625
36626
36620
36621
36623
810822
421909
41612
41611
41610
41616
41615
163778
83746
399198
83743
83742
83741
83740
178547
16549
100009132
178638
202658
314432
29948
47611
818802
284390
284391
15571
284393
175959
8277
175955
283165
175953
175952
283160
175950
831709
831708
831700
831705
834746
174029
233204
287845
6239
174023
171017
174026
174027
84975
79648
779014
117600
117606
440915
822356
822350
12520
12931622
831653
12931620
12931621
12931626
7589
12931624
831652
7584
7586
12931629
7580
7581
7582
219537
212706
834288
834283
734615
6232
834284
838709
65158
820888
65152
70361
12931691
2539961
2539960
2539963
4961455
2539965
2539964
2539966
2539969
2539968
839000
283212
4961450
15424
18706
2542158
56508
103504731
2540844
12933409
2540845
505064
820867
810876
52882
843560
843561
843562
2542153
116550
843568
843569
15426
12931540
834869
834868
834867
12931547
834864
16172
286826
19303
16176
16177
51944
16175
5915
5914
5917
5916
5911
5910
5913
5912
15421
2543209
18844
2543208
841886
17220
17222
64689
832428
32164
30832
60509
832421
64680
832423
64682
64685
832424
11750
32162
53346
220001
9776
11689
117150
12934101
148266
11682
29942
217331
100499467
16769
836132
23205
64354
124323
12930999
821071
12930997
12930996
12930994
12930993
12930992
64359
64358
12934108
2543207
12934109
836134
2109
16796
16797
114803
16792
826863
152789
80509
826869
16798
42738
387609
190509
42730
42733
42732
42735
42734
42737
42736
850641
850643
850642
850645
850644
850647
850646
850649
850648
20481
20480
824593
45707
504856
10799
841540
510539
10797
10791
10793
269261
21687
21685
21682
21681
30835
305288
818025
54819
246694
12338
54813
837989
115106
54810
236643
12331
54815
54814
179229
245959
12933972
12933973
841896
12933975
12933976
12933979
2539683
179225
179224
29088
29089
10248
10249
29080
10243
29082
10241
10246
29085
29086
10245
176563
176561
837986
176566
176565
149603
2539688
49860
49861
223922
2539689
829511
823850
68479
158787
157574
823851
829519
157570
374786
814836
67628
24333
269881
24337
851119
2947
851117
851114
851115
851112
50225
2941
851111
217946
447018
3638344
79168
79169
79165
79161
145781
178174
178173
72344
77305
36492
54107
54106
54101
54103
54102
2541513
2541512
12932926
2541510
2541517
54108
2541514
844213
844212
818023
187345
844215
91703
199857
820081
34435
144712
144715
175036
34478
175038
828976
34474
34471
71985
2541083
50488
50489
35708
35709
50484
35707
35704
35705
35702
843972
35701
23590
23592
23593
23594
23595
23596
80835
23598
188227
3639210
303285
12930238
12930239
181503
55051
181501
54621
55054
55055
51575
108699
179624
67996
852944
67991
946222
110460
100036802
51684
51686
220388
820595
729238
53349
142684
54623
100526740
73158
855582
12932169
853608
853609
853604
853605
853606
853607
853600
853601
853602
853603
12932164
12932076
12932166
692227
41150
54625
179620
12932160
816590
179605
12932161
221656
2542159
74464
12932162
56503
41154
2542150
2542151
2542156
2542157
56505
2542155
32167
32166
32165
836138
32163
179601
32160
2543201
2543200
2543203
2539539
2543205
2543204
32169
32168
2539537
7932
142680
41858
35795
289218
646817
816522
816525
26229
26228
843707
832099
26223
2539531
26225
26224
26227
26226
21945
21940
21942
554207
854379
41853
100192354
12932165
854377
854376
854371
854370
854373
854372
4947
4946
79948
4940
4943
4942
508566
35799
814913
79947
4948
852545
2118
2119
100036799
2110
2113
2114
2115
2116
2117
14026
14027
14025
12931251
3769452
440253
408263
837662
299203
837664
837665
3281
3280
850982
850983
850980
850981
850987
850984
840164
106021
850988
106025
851469
36428
36429
36426
36427
36424
36425
36423
36420
36421
287986
14799
834684
11131
33619
33616
33617
12932782
33615
14794
12932785
33610
33611
38738
36080
34867
18392
34863
38730
54484
38732
38733
38734
38735
38736
83501
181594
83503
83502
160364
83506
840169
840168
67039
851464
432335
40101
40102
779040
40104
40105
432333
446311
112752
326167
47457
112755
850326
850327
855136
850325
6868
850323
850320
850321
6865
6866
6867
6860
855139
850328
850329
853983
853982
853981
853980
814313
853986
853985
853984
853989
853988
3885861
293481
71449
54741
60527
40143
75829
822195
822196
822197
822193
231570
3885866
822198
822199
31615
31617
31611
31613
39463
39462
39460
39467
318872
39465
39464
35693
837667
34136
34137
34135
34132
173099
36086
34131
838140
838141
838142
30355
838144
838145
34138
34139
184202
184201
200407
177965
177962
856445
856444
856447
440993
856441
856440
856443
856442
838208
856449
856448
100505624
19055
12934255
12934256
12934257
12934250
12934251
812414
12934253
12934258
12934259
12934504
131544
131540
64531
114210
5740590
3704128
5740592
5740597
5740599
100009586
811859
12934361
100009587
76899
342945
4129
4128
14058
361970
4123
4122
4121
4199
4126
4125
317952
53860
50817
832686
31007
391002
852214
852215
852216
177343
852211
852212
4192
852218
852219
4193
815865
4190
12934363
320938
50861
53869
361458
185156
825358
83789
825356
825355
825352
19679
103841
19671
19672
9144
190979
832151
832150
832154
828868
12932789
446279
246638
12934377
837915
2540256
837912
501167
9145
379706
121551
838074
836898
100506736
446278
836894
836895
836897
314212
836893
12932780
84336
27161
46415
18230
821508
821509
12932784
821504
835085
824750
821501
853165
853164
853167
853166
853161
853160
853163
853162
828624
12930658
828626
14797
853169
853168
396198
828623
42240
55596
286514
42246
26360
80071
820450
34866
820455
820454
6059
64539
12930655
20014
947002
51673
6051
6050
10005
2540008
10007
10000
10001
10002
10003
2540002
2540003
2540000
2540001
2540006
10009
2540005
396221
396222
832530
836274
396227
396228
836279
110750
176760
2541576
176762
176765
2542499
176766
176769
2542498
824465
653188
12934288
2542494
824908
70451
2542493
360882
70456
42864
42867
42866
827228
42863
42862
2655157
174721
827226
42869
2655152
174725
186404
252839
25451
219105
285093
84319
84318
2655097
84311
84310
84313
3361506
823904
84314
823906
36214
123688
29869
29867
29864
25454
133558
2541759
66046
2541751
2541750
2541752
2541755
2541754
2541757
2541756
5379
5378
818106
818104
5376
5371
1073
1070
5372
179751
203328
179752
12931190
175238
179756
175237
2538829
175230
12934507
2541436
178408
178409
178407
178404
178402
174182
174181
178401
828030
18975
779114
394261
17859
94342
1622
58499
837807
812229
283551
15985
15982
283556
40424
114569
401067
100802922
66809
834127
114560
834123
834120
834121
100131439
23245
74153
4379890
12930782
84329
12930780
23247
93082
12930787
245711
306349
832986
12930788
12930789
12933482
318918
733232
212514
855395
12444
853661
9275
855390
116554
855134
12518
855135
46032
855393
850324
817873
833584
7425
855137
7423
7422
7421
12931785
850322
12931787
12931786
12931781
12931780
7429
7428
842534
842536
842537
842530
855132
821161
292771
117039
835298
835297
835296
117034
3637148
117036
10857
10856
10855
829331
829330
829333
829332
855138
829338
10859
6861
64285
14619
397909
6863
230866
397904
107305
63978
216150
187804
3635991
43357
63973
63970
63971
497913
318000
12933787
835743
73072
318008
216154
158219
814311
58491
216156
9302
837063
43383
2358
201475
43387
43386
43385
43384
2352
2353
43389
69601
54986
2357
2354
2355
100132992
12933788
810277
810272
810273
218214
828548
39934
1894
1896
1890
1891
1892
1893
2538716
218210
43659
43658
93986
57161
11722
57167
14282
57165
43651
43650
57168
43652
43655
43654
43657
43656
2655250
832216
178345
116071
832215
832212
52609
2850
12930812
12930813
12930811
12930817
832218
16869
40811
72515
300033
9698
9699
9696
9697
9694
9695
9692
9693
9690
40687
54609
54602
54600
54601
54606
54607
824255
824257
824256
20568
824250
824253
20564
186039
824259
824258
20562
20563
12933545
12933544
12933547
12933546
12933541
12933540
12933543
12933549
12933548
4351362
851831
851830
851833
851832
851835
851834
80335
851836
851839
851838
80339
837834
100129271
12930385
839503
3355163
100129278
41803
734913
167826
837838
381813
57834
12798434
347344
8789
811683
56147
176240
654254
200765
12153
35719
176248
2542230
179416
179417
72169
179413
841673
6756
84279
446574
90011
75605
24525
841671
819272
2540584
114915
54988
2542373
2540582
12934016
100732540
12934014
12934015
12934012
2540581
12934010
12934011
8784
283417
12934018
12934019
374074
222826
850796
67819
179087
839205
67811
180069
840485
851309
851308
851307
851306
851304
851303
851302
180065
338094
641
640
1535
642
645
839202
23149
646
649
648
23145
839203
23143
23142
1539
23140
51807
328833
667806
31618
22235
51805
22230
53632
19246
29221
445881
77531
10420
10421
299872
24699
29224
151295
9312
844020
446683
3898
3899
55159
844025
844027
3892
55154
55157
3891
55151
3897
55153
3895
38918
38919
107986
852768
2542059
32531
852764
852765
852766
852767
2542053
2542052
852762
852763
35579
54942
856078
856079
145258
31896
31897
856076
856077
35575
35574
35577
35576
54194
792062
84012
101206
12930455
21754
51728
51729
181331
51720
51726
51727
51725
234069
56718
183865
56710
56716
56717
56715
144455
56145
8434
9164951
9164950
9164953
9164952
9164955
9164954
9164957
12932190
9164959
835073
284111
104184
834527
27349
27348
816194
816192
816190
27341
27340
27343
27342
27344
27347
816198
817244
817245
817246
817247
817240
817241
25270
33043
12932196
817248
817249
74370
853419
853418
74377
836076
853414
185541
853416
853411
853410
853413
853412
12797890
829851
9827
829853
829854
829855
39791
39790
57447
39792
39795
57440
39797
39796
850821
39798
850823
850822
850825
850824
850827
850826
100736549
2543019
812998
2543010
2543011
2543012
2543014
1606
100736547
812994
12931293
33139
12931292
33137
33136
33135
12933861
100008589
33132
33131
33130
12932087
12932086
84159
12931290
12932083
12932082
827149
12932080
23053
84152
12932089
84154
378541
820924
133396
820921
12931294
820929
810735
2541187
180889
810732
180885
113419
180880
317772
182018
3563
3560
3561
3566
3567
18053
3565
182010
3568
3569
12932331
12932330
12932333
147807
855817
855816
855815
855813
855812
855811
855810
41460
41461
41465
855819
41467
40739
708
827649
40733
40732
706
945135
701
33793
33792
33791
33790
33797
33796
33795
14615
14617
33798
363093
12934254
76614
38675
38674
38677
837036
172938
172939
827641
830984
172933
60680
31799
31798
12934252
856898
856899
856896
856897
31793
856895
856892
856893
856890
856891
33869
33868
11807
66471
33861
33863
33865
33864
835588
398213
1981
66475
830986
12933068
12933069
7565
12933067
12933064
12933065
12933062
12933063
12933060
12933061
12930557
182905
828808
828809
12930556
828805
825835
828800
374899
825830
825831
12931189
12930554
12930553
25293
823783
12930552
183056
12932446
33282
12932445
3642427
814124
814125
814126
814127
814123
12932443
835585
842733
815657
47173
170790
170791
825780
33285
842739
825785
170799
12930244
397942
12932079
15258
15259
360609
811852
810789
15251
844723
15257
15254
31427
31426
31425
171770
171776
31420
12932448
39237
35968
35969
835507
835504
19739
2014
835501
2814
852863
842086
842087
842081
842082
2539054
398968
173688
831470
12616
852860
173681
12611
2810
84939
84938
811954
839661
839666
814386
811950
839665
184438
84930
839668
84932
822432
84937
84936
34237
2539
837886
498002
107
174458
386677
494588
348825
41096
19883
140661
8674096
19885
813551
837887
245998
829034
829035
818727
829038
2542075
818723
818720
2011
4714
4715
821203
4710
4711
4712
4713
172488
172489
34756
4719
2537
43412
43410
43417
43415
43414
33683
852405
41810
852407
852406
852401
839083
41817
41816
35559
948665
829786
4124
852408
829782
839089
404734
117955
13560
172155
396523
396526
101568
687994
824493
81887
824497
124773
283234
641372
828461
81888
81889
828783
854429
828781
828785
854428
819897
819896
819895
828788
17494216
403752
856423
820559
820556
820557
820554
820555
80131
820551
837958
837959
246640
256364
56191
79078
256369
837956
177342
837955
252870
56193
15278
854420
175683
175682
175681
175680
175687
175686
175685
175684
7247
2540396
812877
44669
44668
2540394
7249
7248
176486
175653
54440
38549
54442
176483
829218
854426
100190936
163702
41103
41102
812870
41100
41107
2540390
41105
41104
818487
41109
41108
818486
2540639
4961484
4961487
4961486
4961481
4961480
4961482
2540631
2540630
2540633
2540632
2540635
34215
2540637
2540636
178300
178303
178305
178306
837098
76707
833013
14933
3565776
5007938
835882
3642849
2540399
401817
2541445
284485
283458
2541444
8747
394380
8745
283455
8743
8742
8741
8740
44087
44086
548596
548594
548593
2541440
307309
9560
35168
78968
35169
841029
814652
2542131
9563
12932287
242341
664883
843130
829811
829812
2541448
9869
9568
148103
932
9861
243963
9863
9862
931
9867
11146
11147
11144
11145
11142
11143
11140
11141
3641733
151056
14972
11149
12932281
12931865
40606
735181
293570
18139
318709
178078
318700
2541272
2541273
2541270
2541271
2541276
2541274
5529
33098
114244
2541279
395928
160428
665596
104806
3644037
832825
832824
259963
832826
832820
34379
22868
3636910
837538
837539
282419
114799
114790
834376
114792
114793
114794
834372
834370
51252
51253
51250
842986
51256
51257
51255
51258
51259
12930593
12930592
12930591
245527
213541
12930596
12930595
12930599
12930598
12931188
12931245
12931246
12931247
12931240
12931241
12931242
12931243
817008
400566
12931248
12931249
3641128
3641122
420617
253980
150094
259389
56154
56155
2539935
56157
56150
12933917
734329
56159
100158337
828850
2543657
2543654
2543655
2543652
2543653
2543650
2543651
310999
2543658
2543659
12931207
12933712
117268
387338
149233
339263
117263
117262
117265
387332
293418
12931563
36859
989
12932288
12930791
36853
191697
36851
36850
36857
987
36855
36854
2539064
832001
12932538
12932537
12932536
12932535
12932534
12932533
12932532
12932531
12932530
64446
50997
81740
834765
81749
834766
9088
9087
9086
9085
9084
9083
9082
210789
494223
3642789
44205
836899
843790
79119
22869
820249
22863
68147
22861
68142
22866
116138
22864
2671
2670
2673
2672
2675
2674
2677
2676
2678
810514
269397
830949
71816
381990
71819
327814
104859
840381
84522
840382
340359
840386
320632
157697
841382
841383
12933662
12933663
841386
841387
12933666
12933667
12933668
12933669
37810
37811
340273
300857
37814
37815
37817
37818
3178
91010
91012
246388
3171
3170
338596
3172
3175
3174
106759
3176
850775
850774
850777
850776
850771
850770
850773
850772
183219
183218
841177
850779
850778
225115
814720
814726
814724
67139
67134
814729
121214
75317
67130
375519
147686
147687
147685
185326
37858
2584
15078
2583
25840
25841
25842
25843
25844
841923
25847
196403
644019
240263
850709
31221
31220
31222
29179
31227
31226
31229
31228
444654
12933817
812377
812375
366448
855202
34542
34541
855201
855206
855207
855204
855205
76893
855208
34548
72736
76895
328580
537380
841689
396197
177533
177531
100356266
681578
180748
180747
50396
50391
50392
180741
838843
821331
55349
838847
838849
55345
55346
55347
55340
286766
55342
440689
182678
188848
182671
182672
131118
209737
386684
508199
221143
338599
92092
180299
50649
24716
24715
180291
50640
55105
50646
110957
110954
180297
313934
181163
617422
181167
181166
816019
100128400
22003
816016
22004
67480
31913
31912
31917
31915
31914
77767
72654
74493
853338
853339
853334
853335
853336
853337
853330
853331
853332
853333
83719
75723
854649
854648
854645
854644
854647
854646
854641
854640
854643
854642
4654
4656
4651
4650
4653
2542249
2542246
2542247
2542244
2542245
4659
256076
2542240
224092
55061
842663
404289
1487898
284029
404281
51115
51114
51117
51116
51111
51110
51112
51119
51118
93323
246404
619577
122616
246269
619570
108
109
102
103
100
101
821951
172016
104
821952
853590
853592
853593
853594
853595
853596
853597
853598
853599
214899
36332
36333
36330
85439
85438
200523
85431
85437
100008935
85435
45840
41349
41348
45845
41345
41344
41347
2540306
41341
10006
41343
41342
83871
855998
855999
83874
83877
3638282
83879
855993
855990
855991
855996
855997
855994
855995
133746
33076
830467
3077435
173944
173945
173943
41699
41698
841978
41693
10008
41690
41697
41695
41694
2633
73086
7148
380686
70804
836271
945583
836550
836554
836557
836556
12932278
12932279
396223
80231
12932270
396224
12932272
285440
12932274
12932275
12932276
12932277
51285
26998
12931907
284312
30632
7141
171093
34967
171097
7678
171095
7675
51280
37177
37176
37175
37174
51283
37170
399373
399371
842911
399377
12934362
37179
37178
34966
84472
37646
270166
84476
84477
84478
84479
29278
99712
12934365
310710
18741
819282
819283
819280
819281
12933767
40568
40569
178859
834678
40562
40563
178857
178850
40564
178852
363875
837205
818883
634019
818881
313163
80005
14406
14400
241694
14402
818888
813858
32869
117419
65991
201299
12704
13835
13836
171635
13830
13831
843655
843658
843659
13838
322007
12709
65996
834578
835414
834575
3638751
834572
823624
823627
2768908
5629
823622
5627
5626
5625
5624
5623
270162
5621
5620
213783
398029
65997
183155
839928
38352
225659
38350
398024
398026
38355
839789
378477
283349
287156
287155
54254
50764
2539246
839787
5995
5994
5997
5996
5991
5990
5993
5992
2539240
5999
5998
2539241
838782
838783
838780
838786
54257
838784
103573
19383
19384
19385
19386
19387
819755
819756
131870
819753
819759
80004
12930261
113835
493627
812030
812032
812036
12930260
173162
173165
200958
173167
173168
46121
39005
39004
39007
177673
39001
39003
39002
39008
2882
12932449
191456
180713
207215
837405
12931419
247
246
286204
240
286207
842295
2886
249
248
842293
851070
245812
15378
831201
831202
831203
12006
12005
831209
64601
78092
839436
64707
399211
9249
9248
2655422
2655159
9241
9240
9242
9245
9244
9247
9246
176071
219844
176072
176074
3645375
7495
84125
831722
353219
818577
174727
837408
217882
818571
818570
824048
69188
100039556
2543356
23014
843300
677841
827538
820749
820748
820747
44783
44786
820740
735235
255394
387867
45780
45783
211548
45785
829598
45786
829595
829594
829597
829596
829591
829590
24297
10714
10715
10716
10717
10712
10713
2541849
176694
176697
14871
112942
14873
2541840
2541843
2541842
2541845
2541844
2541847
2541846
83539
24075
821239
13063
3643235
175528
175526
175524
175525
175520
175521
118813
118812
54189
54188
69085
54187
39448
364729
2539756
844299
20264
20262
823901
844293
844291
844297
2539754
20269
84002
734547
84312
69082
397990
84315
12931630
2539753
40953
40952
44432
40950
40957
40956
44437
44438
29777
40959
40958
828246
23518
1143
829163
1146
1147
1144
1145
23510
23511
23512
1149
23514
23515
23516
23517
59007
2539833
59004
179841
59001
179842
179849
2539831
59009
59008
2540468
2540469
2539830
834747
2540460
2540462
2540463
2540464
15375
2540466
2540467
2541593
2541592
2541591
2541590
680097
174699
174698
174697
174695
829387
174693
174690
446250
12933999
90701
25595
8538
8539
375061
3643906
8531
12826
8533
8534
8535
8536
8537
221302
221301
12931899
92259
50403
119032
12931894
92255
12931896
12931891
12931890
12931893
12931892
151393
399034
66576
832130
174342
174347
843510
12930418
374955
12930416
12930417
12930412
12930413
12930410
12930411
816258
22648
12798133
839081
22642
723860
816257
2541337
2541336
2541335
26558
2541330
26557
26556
2541339
26554
396806
10170
2543114
12931639
65218
12930233
842836
57552
65217
9407224
381
382
383
384
378968
387
388
389
63845
7592
53637
823720
12932290
55634
32250
32253
55630
55631
55632
32256
32258
55638
3643134
104263
3759
2542737
2542734
1075
2542732
2542733
2542730
2542731
3751
1072
3753
3752
3755
3754
3757
3756
2191
2192
2193
2194
2195
2543111
2197
12933990
2199
1071
57673
57670
57677
57674
57678
57679
2543110
2046
52118
2542809
-
4811
817612
4810
4817
12930230
330938
340706
4815
192120
4814
113157
856700
45680
13653
32075
2542801
810964
43310
5802937
79810
43311
2734
2735
2736
2737
2730
174826
2733
79816
830480
856705
2738
2739
79817
57096
57097
57094
191156
57092
2542806
12933253
57091
447010
2049
191159
856708
57099
12934344
856709
362242
81543
12933995
81542
4336
293621
4337
2540289
15233
53573
2540850
2540853
4335
2540855
653519
2540856
2540859
2540858
57507
380436
32076
853909
853908
9766
9767
9764
9765
841221
853902
853901
853900
853906
853904
37371
3639811
24171
37372
37375
37374
37377
810347
37379
37378
187460
3639138
187465
12932700
12932701
12932702
3136
12932704
12932706
12932707
12932708
12932709
6370
29138
14661
822119
146852
822115
822117
18459
822112
824585
840077
71994
71991
71990
516175
137196
838614
147183
840073
824584
840072
68339
11946
11947
835266
18451
68337
67308
96979
811765
65042
646309
67300
65043
824587
184284
37995
37994
37997
37996
37990
851419
851418
851417
851416
851415
851414
851413
851412
851411
851410
234577
19025
5800
3038
3039
3034
3035
3036
3037
3030
3032
3033
229534
144983
51493
72141
268470
116372
5740513
64795
27528
839566
825468
4338764
825467
825462
170699
680522
170691
818161
139422
3361538
115265
3361535
3361532
3361533
35268
2538854
2538855
2538852
2538853
2538851
35261
35260
35262
35265
35264
35267
35266
23253
23252
132671
23250
23256
23255
23254
188703
23259
23258
812232
828639
644540
109241
30960
379083
181823
30968
816939
816938
24318
31767
177476
3772247
816937
55589
816931
177473
228421
825501
286046
55586
286042
72508
39976
8621031
855412
855411
855410
855417
855416
855415
855414
6767
6764
6762
6760
839231
852298
852299
114562
852294
852295
852296
852290
852291
852292
852293
811040
114335
34572
114566
54498
100760101
820919
55584
231051
366189
114564
811041
10873
29797
43844
108071
55585
43841
43842
41578
22072
828473
3948
11797
828474
55582
173574
852870
852871
852872
852873
852874
852875
852876
440452
852878
852879
2539066
2539067
2539061
2539062
2539063
856140
856141
856142
856143
856144
856145
856146
856147
856148
856149
2539471
374462
12930783
830892
128153
820915
84391
51142
854439
84394
5049
5048
854432
854433
854430
854431
854436
854437
854434
854435
2540095
38578
27218
339942
12930784
2268
839907
839906
38571
38576
824851
38574
839900
824850
362401
824857
233064
404093
34977
33083
33082
33081
24503
2540093
33085
240427
103677
20849
285761
246212
20848
246217
12930881
837505
837506
360801
12930883
317923
818895
9164982
172225
3646334
36109
36108
820235
820234
820233
44235
36101
36103
36102
36105
36104
36107
820238
300860
84536
84530
84532
18772
12930889
18770
18771
33555
33554
33557
824153
819334
287019
41559
67469
41557
41550
41551
41552
39625
39624
39627
39626
39621
39620
218503
9164980
83629
39629
39628
100418811
226098
388468
4961439
828349
494688
29799
174107
174106
174105
25502
9164986
185096
629057
159989
71764
71765
71766
89953
25506
89958
76233
229277
9164987
12590
8045
12592
8048
394405
6240858
229279
819277
2260
84804
79091
9164984
12931704
12931707
12931706
833509
12931700
12930555
821232
44900
23318
833502
319026
319020
217219
831728
65059
379913
12934287
838621
152877
150353
65057
65056
65055
155185
811246
226352
2539848
2539846
2539847
2539844
2539845
2539842
2539843
2539841
843198
734641
10444
2655476
843194
116986
842822
140032
160851
28885
280794
28882
160857
177577
158293
158297
819273
81572
843442
81570
13644
81576
13642
843445
81575
843449
81579
13649
814165
43308
116984
43300
43307
43306
84807
5818
5819
67490
286906
5810
71069
5813
5814
835219
5817
839577
839574
12517
100041204
839570
17349
116349
17347
17344
17345
17342
839578
839579
90861
90864
90865
192683
830364
830366
830362
830363
828463
828460
235036
828467
828464
828465
305501
4880
7424
855944
348738
287015
4882
415296
12931788
124245
64011
64012
4883
12930896
64015
832298
12930895
832296
20877
832294
12930899
20873
20870
855940
191791
191797
855943
12931784
260305
4887
260302
494744
842311
826941
842317
292994
12931783
12931782
171800
821625
3770464
821622
90288
821620
7957
9168
9169
836617
10691
10690
10693
9167
10695
10694
9162
292778
42160
42161
827500
39820
42164
83445
42166
42169
2543143
831015
823729
831016
831010
836633
52683
51128
362862
53557
53556
10525
853373
10523
10522
10521
841756
90134
853374
16978
10529
53558
223601
823978
8871
54683
54680
54681
8875
8874
8877
8876
8879
8878
40710
654470
829411
654472
829414
16973
829419
2745555
16970
211660
40800
16971
44573
67543
3645089
851659
851658
838804
851655
851654
851657
851656
851651
851650
851653
851652
158931
12268
380143
57210
831023
380147
361532
3896756
31794
31867
851387
851386
851385
851384
851383
728026
851381
851380
12934284
851389
851388
443577
12262
840403
151742
1489080
79751
79753
79752
79755
79754
79759
79758
844314
844312
729991
34338
34339
252983
179498
175778
34330
175776
217698
179495
179492
175772
34336
175770
843839
822048
54637
10531
843832
35062
843830
35060
843836
35066
35065
843835
188148
10858
118980
10536
10537
818262
67891
90141
67895
841765
67899
146909
23601
114088
116743
126353
2541240
12931542
815938
23729
31866
169200
110835
64747
2655251
59216
10
27039
59215
15
14
16
19
27032
27031
27030
27037
27036
27035
27034
64530
74041
74044
140691
41560
2655258
55341
32599
78938
45969
32592
32593
32591
32596
32597
32594
32595
839953
475875
56461
115939
56463
63979
56468
56469
63976
101954269
12934437
9959
9958
814169
9955
225266
9957
9956
9950
9953
55847
55846
32042
55844
55843
32045
55841
55840
816944
32049
3476
55848
117579
140711
14792
142937
166785
100505879
12931545
56792
56790
182368
56795
2744
854097
18970
25763
25764
25766
25769
35569
18972
18973
253832
37433
816773
826589
3658
3659
816775
3639540
3654
3655
3656
33390
12932003
3651
3652
12932000
26070
26071
64975
26073
2746
734726
41313
12930730
12932225
64979
64978
2543366
2543367
2543365
827005
2543363
2543360
2543361
12932223
2543368
12932222
854142
854143
854140
854141
854146
12932221
854144
854145
854149
100364825
2542947
2542946
2542941
2542940
2542943
2542942
12930738
2542949
2542948
12932158
12931420
25181
440686
25183
186278
25797
817569
817799
2543090
2543091
2543092
36748
2543094
2543095
2543096
2543097
36743
41441
36741
36740
36747
36746
53942
36744
12931421
33719
33718
58979
58974
387753
33711
33710
33717
33716
33715
33714
55507
945280
84833
307821
83422
12933351
12933352
817423
12933354
83427
616885
12933357
817428
817429
83428
12934494
210274
55607
17169
432277
12932911
12932910
12932913
12932912
823478
12932914
12932917
12932916
12932919
146664
79415
12931424
784
785
786
432181
780
781
782
783
682507
838685
814219
83394
12932280
83396
83397
18574
836402
18577
18570
18571
2539541
18573
827062
18578
2539181
15126
15127
15121
15122
226519
15129
339231
39545
39546
39547
39540
841410
39543
219293
378494
39548
39549
841418
77929
31713
31712
31715
31717
1370
298575
31718
130074
100527943
827714
5802781
107503
817157
360687
34070
34077
183583
173353
229707
34079
173357
157753
173355
811485
177848
822709
1378
177843
83569
54633
2539102
4334590
108098
108099
12934517
56896
12934515
12934514
645432
12934512
12934511
12934510
100303453
47249
182980
820490
830715
373509
152687
2876018
12931981
183635
653499
75764
854683
5723799
2539108
12931980
180581
180582
827064
25557
64743
170718
816462
6906
170714
12933721
812685
852979
12931987
852978
813631
624960
172408
4798
4799
6905
172400
172401
172402
818624
4790
172405
4792
4793
854973
854972
854971
854970
854977
854976
185299
854974
396838
854979
854978
185291
838353
838352
838355
838354
838357
181988
838359
172549
811008
379664
852489
839009
852485
852484
177153
852486
852481
852480
852483
852482
825164
228598
40598
825160
825161
825162
825163
81539
851913
57162
827068
11450
853083
185741
185740
693164
181679
855597
855594
855595
855592
855593
855590
855591
77116
855598
855599
830052
824418
821429
819812
819811
819810
821425
81807
81804
824410
81802
81803
821422
853280
853281
853282
853283
851918
853286
853287
853288
828702
248194
851919
853088
100874042
42362
42363
853089
42366
42367
42364
140497
140494
42369
140492
855620
855621
855622
855623
855624
855625
855626
855628
855629
10321
10320
50501
10325
10324
10327
10326
10329
10328
5162
100042427
321837
539369
853758
173989
853752
854537
853750
853751
853756
853757
853754
853755
401548
6262
6263
6261
173436
401541
173434
173435
139081
176401
176402
173431
81532
840413
5169
854538
51078
91433
70312
55758
1588
70314
70315
42986
42987
42984
42985
42982
42983
42981
827140
827141
819945
835809
32532
827147
847
846
255743
51075
843
842
841
840
51072
832214
55752
109359
12930819
259839
844304
184917
184916
51071
2539128
844307
184911
184910
3639697
837252
44008
80861
12931069
44005
44007
44006
44001
44000
58821
20338
837257
837256
399687
822572
1739
1738
2539567
2539566
818029
2539560
2539563
2539562
5230
1730
5232
818026
1735
1734
1737
246399
12931060
41189
175709
25558
12930814
832338
179654
175174
179656
41180
41187
172382
41185
175172
2541140
2541141
2541142
40279
2541144
2541145
2541146
2541147
40272
2541149
40270
40271
40276
40275
830545
830540
830541
175703
116931
830548
14311
14312
818431
45976
394300
394303
179486
45973
45970
11614
17957
3636809
17955
17954
83985
83987
83986
3638564
83983
284403
83989
83988
284406
66922
66923
396326
55225
834044
834046
834040
834043
834042
12931182
379182
12930665
12930664
245610
12930666
12930661
12930660
12930663
12930662
12930669
125150
829899
829895
282320
843823
266780
47729
2875029
48805
3767924
834503
729533
12419
12418
831637
100506055
2581
819041
819042
819043
12412
819048
12417
12416
7743
7741
7746
171123
171120
7745
50838
7748
12932042
110749
823651
170394
17988
2539421
835399
830615
835392
4379854
835390
825066
835396
835397
835395
829270
100131017
829275
829276
829277
829278
829279
3635874
3635872
12931136
12931137
12931134
12931135
12931132
830612
12931130
12931131
397821
12932040
397827
397826
835025
835027
838012
838013
835023
19276
811320
19272
838019
143384
97387
5802974
31680
214150
843760
443752
56451
75033
396193
827938
827931
824251
827932
827935
827934
312781
12931230
810531
49045
810537
46091
810535
838425
666891
838424
44433
2543
2542
2547
2549
2548
144097
12932044
11441
140583
11447
246196
57209
43112
57205
191347
43117
12931232
43115
843055
36661
36662
832555
832554
832557
36663
835693
153090
17131
17130
17133
17132
17135
17134
17136
902
900
901
3641702
904
905
60432
908
909
60436
100132795
9559
83835
9551
9550
9553
9552
9555
9554
9557
9556
811326
538938
12932049
64223
64222
64221
64220
824355
64225
64224
153328
824359
100359517
826741
245446
80333
80332
100037714
80331
42645
42644
42647
42646
42641
817736
42643
42642
8744
254170
254173
817737
42649
42648
80336
7093
45012
3355164
14863
135114
12934286
302950
135112
3645516
29248
29246
29244
29242
216705
8934
8935
8936
8930
8932
8933
12931108
27020
639910
4329527
176369
80212
5814844
196483
79098
179356
179353
179352
34275
34274
79090
34276
79096
179358
79094
34272
2540378
12933885
12933886
12933887
12933880
12933881
12933882
12933883
2540371
2540372
2540373
2540374
2540375
2540376
2540377
12931954
12931955
12931956
12931957
12931950
3077471
12931952
12931953
12934351
12934350
12934353
12932494
12934355
12934354
12934357
729362
3639030
37890
37893
37894
12930154
3361149
814026
37728
12932126
3361146
2539874
50310
814946
819783
814944
298201
360570
851028
851029
24248
851022
851023
851021
851027
851024
851025
23028
1473
1470
1471
1476
1477
1474
1475
23020
815012
1478
1479
23024
23025
23026
22379
22378
386762
170692
22370
22377
22376
22375
2541426
2541425
2541424
615778
2541422
2541420
386617
127294
81677
840320
24
25
24799
27
20
21
22
23
24790
28
29
79544
844107
844105
844101
35071
221496
852649
852648
852643
852642
852641
852640
852647
852646
852645
852644
856739
856738
66481
66480
66482
856733
856732
856731
856730
856737
856736
856735
856734
32941
32940
32943
32942
814100
32947
32946
32948
830917
40385
181479
181478
189663
12930308
12930309
12930306
12930307
12930304
12930305
308362
12930303
12930300
12930301
183907
836519
836518
396048
25688
842151
840324
25682
414688
25686
12930614
14943
2543527
51199
39234
140654
51194
51196
51191
51193
51192
816092
22083
816091
22084
22088
27261
2539385
77987
817323
25531
25537
25538
810771
817329
841165
853518
853519
32367
32361
32360
32362
853510
853512
853513
853514
32368
853516
853517
447220
12932208
374860
173794
56616
56615
56613
56611
84010
100616436
8310
2543115
30851
2543117
2543116
39856
57563
2543113
2543112
836117
136371
2543119
2543118
57568
57569
441273
100736468
76448
100736460
175853
838285
223658
838284
816633
816631
627792
223650
55010
816639
26135
183
26137
181
186
26130
26133
185
189
26138
12932205
822525
283129
113246
56413
144699
37461
182356
37462
37465
37464
37467
37466
37468
2542982
12932204
235604
84740
3449
84747
31716
3445
3444
3447
84749
3441
3440
3443
3442
855912
855913
855910
855911
2020
855917
855914
2023
855918
855919
2028
2029
432029
70239
70238
653140
831561
432023
432024
403341
14158
14159
14156
12932206
14154
14155
36948
839778
675514
841128
42826
114096
841126
57622
70233
37285
37284
37287
37280
37283
851928
851926
851925
851924
851923
851922
851921
851920
208650
33908
399334
17112
38021
38022
38023
33902
33903
33900
33901
38028
38029
33904
33905
12932329
653145
101954277
229004
76484
76485
40074
12933140
12933143
12933142
12933145
40071
12933147
40073
12933149
12933148
839777
40079
2768981
298875
375387
2870699
7637
9622
286257
100418910
653147
100340606
819203
855002
855003
855004
855005
855006
855008
855009
819208
326264
326262
836367
814003
115749
814000
836119
814004
811079
835948
12934013
37019
812527
812521
6446
6447
6444
6445
6442
6443
6440
6441
173256
173257
173255
173252
6448
6449
37138
98956
362860
12930714
166793
31500
12932601
31503
31506
31507
5740203
228355
5740204
835622
835623
835621
835626
170509
170506
842166
842165
842164
831530
2543224
831534
12932606
692196
39089
39088
839707
839706
39085
39084
819736
39086
822576
39083
55679
180468
852142
180465
180463
100169762
558011
100169760
2539345
2539344
2539346
2539341
2539340
813699
2539342
2539122
818644
818646
2539349
2539348
818643
813690
4057
43755
43756
43757
43750
43751
4050
43758
822318
4059
4058
854836
3640387
854834
854835
854832
854833
854830
854831
100169768
854839
281080
839489
313837
353295
69228
353299
12932327
852360
852361
852362
852363
852364
852365
852366
852368
852369
829661
829660
172611
172610
172612
124535
90411
90410
299824
817566
235441
235442
822315
17441
100360508
17444
53826
17449
17448
379414
379416
38849
5008056
38842
38843
38840
38846
38847
38844
38845
501099
35532
819998
819999
447488
819994
819995
42087
42086
281894
42082
80278
80279
80273
80270
80271
246727
852382
823730
830392
824628
734894
824621
124540
824626
824627
44702
44703
44701
21855
1536
828131
828132
810839
828134
813817
139760
844395
7539
21859
813810
2540176
179592
2540175
179597
179596
161514
41066
179598
41062
2540179
319184
129138
170851
100042651
10655
319186
170850
121441
23144
5195
813333
23141
11848
3565635
176614
176617
11844
11843
11842
176613
829657
1615
131831
59087
1612
419150
813337
59083
3564942
5190
4339432
174612
816787
2539921
1611
816784
819715
816782
571871
2541895
84224
1678
84220
84223
826665
1674
1675
1676
1677
1670
1671
1672
1673
284618
284611
3646753
284615
12931815
12931814
29998
29999
12931811
12931810
12931813
12931812
29992
29993
29990
29991
12931819
29997
29994
26088
2539463
100752558
151313
172561
64968
100131980
73699
8674091
164045
26084
382913
7399
307779
824181
321006
129868
12798509
12933722
814419
216987
7293
8293
73692
2541600
100302736
42731
321003
2543313
945556
300992
7294
822157
178669
280916
12930140
12930141
3637961
12930143
12930144
12930145
12930146
12930147
12930148
398696
398695
40313
1487945
308
309
843350
843357
843356
282513
301
302
304
306
307
148022
840918
834232
840916
128989
396171
3770557
431952
3357
51351
51350
12930496
12930497
12930494
3885930
12930492
12930493
12930490
12930491
12930498
3885936
817121
837732
817123
12931364
12931363
25337
25334
837733
299310
12931369
12931368
285498
728013
828953
3771968
24691
828957
828955
296121
234734
155348
844022
329154
79464
12238
366017
100272147
100158275
317646
615087
817699
297453
34714
817690
817697
817696
817695
817694
16180
117103
340784
79152
16188
3890
50557
576779
149371
55156
293515
259173
55150
10923
10922
10921
10920
10927
10926
10924
10929
10928
830403
56361
56360
811001
93871
194388
12933735
9459
57018
73341
9454
9455
2543467
9457
9450
9451
57010
2543462
150737
7873
810479
16451
16450
16453
16452
16456
2703350
158506
105689
2703357
362533
2703359
2703358
64520
81664
81662
64525
3538
2542056
64528
12798380
38912
81668
81669
38913
499423
56670
38914
12798504
38915
22944
14462605
38916
22943
850898
2542050
22948
22949
2541459
56943
56942
56941
56940
56947
56946
56945
56944
56949
56948
844763
844761
834820
211712
90990
856919
856918
856913
856912
856911
856910
856917
856916
856915
856914
35571
856075
35573
80287
12931776
268749
12930968
12930969
12930966
856070
12930964
12930965
268741
12930963
445403
856071
295588
856072
18584
3768737
142685
54737
54734
142686
37919
37918
142683
12931127
37914
37916
37911
37912
134145
115771
186148
257062
2543420
12933430
12933433
27401
186142
186143
339122
339123
8344
67070
67074
843552
68953
136647
188474
66384
66385
100129387
681418
594837
594839
67381
196528
850548
850549
841841
67384
841842
850543
850540
850541
841849
850544
850545
851497
12932696
851495
851494
851493
851492
851491
814573
814572
814570
29035
851499
851498
79665
79664
2543425
79666
79661
79660
79663
3361412
443
440
834510
79668
445
444
855321
855320
855323
855322
855325
855324
855327
855326
855329
855328
2876330
837366
833863
26754
39
38
26751
26750
33
32
31
30
37
36
35
34
31078
31079
31070
114824
835193
114822
114823
180663
114821
373156
91801
12930129
91807
72584
366276
124512
72580
855499
855498
67920
67923
175578
34752
855492
855491
855490
855497
855496
855495
51585
50126
379490
50124
50123
338382
199870
45280
824345
20103
188781
66036
66037
83732
130940
24450
24451
813107
12933343
2654952
153745
313876
2654955
189435
12930394
83731
839472
77407
22129
852568
852569
852566
852567
852564
852565
852562
852563
852560
852561
12930690
228889
12933345
856678
856679
856676
856677
856674
856675
856672
856673
856670
856671
294975
83417
3964
3965
3963
3960
3645820
730029
12930691
12933348
12932010
208076
3641578
35405
35404
35407
35400
35402
73230
35408
66156
230904
230908
12930904
2542653
55577
51657
32752
51655
32754
55572
55571
32757
32758
12930693
181209
51659
2542475
2542474
2542477
56005
839983
839982
56000
2542472
12930905
2542478
186960
12934541
25470
821850
12930694
850882
821855
821856
439921
85376
85377
36273
36272
36271
36270
36277
36276
128229
200205
654320
41268
41269
41266
700565
41265
41262
41263
41260
41261
36180
2538731
2538730
644934
2538736
2538735
36186
36189
36188
2538738
2922
12932961
816197
836188
816196
824268
9547
836180
836181
641371
836187
641373
836185
837856
173869
837852
837850
418441
173863
75974
850955
12930901
666407
850956
850951
850950
850953
850952
821042
850959
850958
836455
836456
836451
836452
734791
18807
9545
18803
837583
37589
837587
33003
33002
37580
37581
37586
33006
33005
33004
839816
123355
831864
831866
831867
25275
17494242
7139
7138
820810
820816
820814
407043
7130
7133
7132
7135
7134
7137
7136
37631
219181
37633
37635
37636
37637
226026
37639
219189
3639279
12932421
821032
12932423
681754
12932425
12932424
12932427
12932426
12932429
12932428
313593
51744
40607
40900
40605
585
40603
583
580
581
821036
100037228
40608
178958
129881
178952
178953
178954
178956
837325
14728
837327
313047
47954
837322
14725
837328
444528
175852
172805
172807
172802
41899
320129
74374
175858
38782
38785
29705
284058
834758
171574
843113
828296
843114
824500
814637
310587
230126
23463
23464
853417
18119
38257
38256
398105
836075
3640514
23466
823546
33705
5542
5540
23467
5546
18503
38259
38258
30062
37084
18505
7941
146754
18504
31332
31331
282068
174898
31335
174894
31339
174896
174892
5890
5891
5892
5893
5894
5896
5897
5898
11231
830058
11234
11235
11236
11237
124912
2541816
286987
11819
819410
379998
34631
819419
379991
326172
10228
34633
378643
34632
842649
3646493
812774
842642
812772
154467
231655
285195
831241
231659
72401
39125
39122
39123
39129
191718
191713
191716
42470
398816
42477
12933670
822416
42478
842393
829828
84844
12769
12768
84842
56258
39533
12764
177249
498174
832744
820854
832746
832741
841400
850829
362298
836849
850828
833835
836846
836845
833836
836843
833830
396411
836840
3637312
57446
176138
176139
2541978
176134
57441
176136
176137
176131
500538
818438
57443
829149
841409
831097
829145
829142
829143
831093
831092
64098
64099
824129
824128
821339
821338
850820
64090
64091
64092
824120
64094
64096
110157
42296
42297
42294
12933124
42292
42293
42290
42291
827471
827472
369
42298
42299
366
158427
834898
7534
12933123
12931658
400735
41925
7531
41926
41921
41920
41922
10611
10610
10613
10612
10615
10614
10617
10616
10618
90204
361
13496
90203
13494
13495
55256
176793
176795
176796
55257
176798
32671
441476
32670
100303760
812992
32677
12933121
55253
13143
175449
175448
816781
824788
175445
179145
20690
32674
175441
175440
175443
175442
12933120
374882
830875
176869
830870
56356
176860
176866
826789
20342
306141
20346
55259
114143
267019
826787
84107
495455
56357
824871
252907
824872
824875
824874
824876
828369
828368
820177
827786
827787
827784
168620
840124
827788
827789
828365
176037
100130932
4363023
33133
826438
326618
79961
100008588
2540705
2540707
2540706
2540701
2540700
2540703
2540702
231798
3637410
2540709
339745
12933004
29542
29545
7576
29547
29546
191876
29548
3635485
12932085
813289
229715
178235
174790
174797
178232
100129405
12931389
1358
12932081
12931388
1353
1352
1351
1350
1357
1356
1355
84153
12930199
64850
59293
384557
50721
4854
110854
174421
174422
174428
811491
12931381
66631
66637
395498
41997
12932088
395492
12931383
189231
8360
8363
8362
8365
189234
8367
8366
8369
64858
818787
283078
64859
93408
829962
545767
216820
389123
829969
836817
12931386
12930428
822732
389125
291534
2541077
2541070
2541071
2541072
2541073
75617
10289
2541078
2541079
100807109
212307
3646548
151126
500983
500985
318633
127002
284071
12934529
6533
12933002
843251
10281
843258
56910
3644145
100142659
839407
32512
55770
32510
32511
32516
51095
32514
32515
51098
55778
4379844
54856
169714
51109
2542673
2542671
17281
2542677
2542675
2542674
12934526
2542679
2542678
114664
282307
110323
12934525
416104
104457
68514
104458
57733
57732
57731
810738
840007
20486
215789
3562
810417
41561
227331
1116
389874
304150
100137689
817719
25104
301309
817715
25101
496212
817711
816100
57102
330474
68519
281496
810849
816103
12933720
544971
816104
24852
810840
24855
2475
12932336
653604
422505
309684
57192
343450
57190
373836
57194
616800
818463
829558
340595
335881
101954276
444232
293705
654322
208151
196883
2200
81601
843517
124930
9649
9648
107435
9644
9647
9646
9641
9640
9643
2205
37032
37033
37030
37031
37036
2206
37035
37038
37039
187504
12932623
2208
12932621
12932627
12932626
12932625
81609
12932629
855818
11610
19171
811719
2903
2902
841496
77630
841495
841492
851150
841490
116236
2900
838445
2541881
2906
12932999
12932998
2905
43038
12932991
12932990
12932993
2541882
3642093
12932994
12932997
223527
100328595
705
2909
3885786
842377
851159
814439
67222
67223
67220
811401
67224
67225
685055
851518
851512
851513
108014
851511
851516
851517
851514
851515
3885958
68564
68566
3376
3375
3373
219743
3371
380261
380267
67689
496405
43036
2541362
2541917
2541916
2541914
31139
2541912
2541911
2541910
4246
4247
31137
4245
31130
2541919
31132
219749
21388
3639926
642812
225207
91304
79255
48
49
47
43
40
41
3361478
2541485
190557
3361470
13654
3361474
3361477
3361476
825253
35308
35309
31291
79223
825254
35303
34179
825259
35306
35305
181905
181904
23198
181902
23194
188620
23196
23197
23190
23191
23192
23193
838442
79125
308650
832475
25938
5740653
25934
2539679
25936
25937
25930
816875
25932
2542351
31293
314393
314397
431810
12931640
104718
77044
76960
23443
23446
72429
3772474
3772477
177223
326158
855518
2870783
326155
855517
855514
855515
855512
855513
855510
855511
852159
852158
852153
852152
852150
852155
852154
853209
171973
32656
32651
32650
171977
853200
853201
853202
853203
853204
853205
853207
6150
12933934
6152
6154
6155
6156
6157
6158
6159
4528
180367
180368
3643925
856378
378938
181010
181013
378937
181019
181018
100500804
816124
833437
4521
816121
12930433
3643926
440556
817833
817832
817831
817830
817837
817835
817839
856894
3643927
220002
31792
132724
42906
31795
42904
42905
42903
42900
42901
38437
38436
38435
2539650
38433
38432
2539655
2539654
391004
2539659
2539658
38438
11637
70060
51302
130132
100322881
70069
856359
856358
856351
856350
856353
856352
856355
856354
856357
856356
854263
854262
854261
854260
854267
854266
854265
854264
854268
51309
122769
172305
172304
172303
172302
172301
28796
246317
172309
172308
70392
122704
28793
780755
854285
36028
820377
5297
36022
36023
36020
823842
36027
36024
36025
84676
175074
84674
33219
20222
33212
854281
33210
33211
33214
33215
843949
379321
33184
326129
12930444
219621
20227
5291
20226
39746
39747
39744
39745
39742
3772329
39740
64327
83901
83900
39748
12930440
101929222
812928
812929
441381
812922
314633
812921
812926
79692
314637
836431
41767
41766
12932803
41762
41761
41760
79694
36732
27979
379610
41768
2543156
57605
79696
246331
820994
174226
7079
174225
7074
7075
7076
7077
7070
7071
7072
7073
326124
37774
109740
37776
395658
37770
832042
841670
37778
12491
780739
8161
12494
8165
853487
828034
76577
36002
76572
12933066
36003
36004
12931311
823924
36005
56488
817158
25349
214669
819593
379816
379819
214663
40416
40417
40414
40415
40412
40410
40411
23550
822266
822267
40418
66538
826171
817154
445328
856752
818973
28969
818971
818970
2655500
28960
28962
818978
28964
28965
28966
826810
828807
819624
819625
819626
819629
445329
261736
261734
39793
174911
43266
43267
312703
174915
13726
13728
43269
795505
820640
820350
11370
830799
5078
443636
835317
835314
830791
830790
19144
835319
830797
19141
60344
60345
60341
94239
100041325
162073
340061
94235
94234
94233
94232
94230
43192
43193
43190
43196
43197
834959
834958
379927
145482
828509
828505
81666
838096
838095
838093
498704
59043
161424
154043
64118
839329
14977
64115
64114
839324
839323
64110
64112
235283
2538906
2538907
2538901
2538902
2538903
2538908
2538909
46015
46017
842059
842058
80746
842056
842055
80745
80742
842052
842051
308572
69743
37314
3885686
824529
498301
821106
821104
821105
191528
20472
7850
7851
7857
7855
30985
191525
191526
824524
3637290
20476
16800
16801
824522
831112
831113
831114
824521
81832
301458
821412
53610
10401
9337
10403
841658
9330
53616
9332
841654
90070
90075
9338
841652
841653
836776
830918
499073
32703
836770
236733
236732
353324
12932303
812902
54969
54968
54967
54965
54963
54962
54961
54960
48311
48312
48317
48316
23682
829751
829750
26962
368390
26960
26961
26965
836779
842943
812909
851758
851759
49952
49953
66689
851750
851751
851752
851753
851754
851755
851756
851757
58198
1968
1969
1964
1965
58190
1967
2703462
58194
825781
836848
380068
447737
35848
2873
2872
2870
2877
2876
2875
2874
12931901
44326
2878
28511
100366016
28513
28512
28514
54345
54344
840521
840522
79012
79011
79016
79017
8575
79018
79019
20068
5802945
175638
12933808
12933809
8624312
5075
3636657
175630
12933807
175636
175637
175634
140486
178001
178006
178007
178005
844187
3565259
364033
826572
826571
41789
145376
12931906
56335
129080
12929
108911
67755
67759
12934356
23604
23607
23600
855639
23603
126259
66407
66406
23608
23609
66403
51449
51447
51444
51442
51441
51440
2540514
59312
2540516
2540517
2540510
2540511
2540512
2540513
59319
59318
2540219
12930388
35146
35147
35140
100360302
35142
12932679
379753
35149
147837
73710
70099
32495
32492
32490
836841
2543434
32499
32498
8444
8445
8446
65982
8440
259996
8443
65989
65988
8448
8449
14462800
35966
2540210
2540217
1466428
39238
31424
221416
35963
55920
842931
55922
2760
55924
842935
55927
842938
55929
171774
104394
12932737
2765
189006
2543439
92211
100506906
56699
12932736
12931477
12931476
12931475
12931474
12931473
31429
12931471
3647129
38071
25608
25609
12931479
12931478
7051
24954
24957
51390
7054
93840
51397
180819
75452
1466424
835269
108841
840447
16508
37751
12930235
9164899
54754
37756
854061
854060
854063
854062
854065
33236
854067
854066
854068
37754
19730
2542822
79831
2542820
79833
79834
2542824
2542825
79838
79839
2542829
1466426
173428
4839
149950
4831
4830
4833
4832
4835
4837
4836
3641199
2543199
2543198
100755406
2543195
2543194
2543197
1466427
2543190
2543193
2543192
293130
58838
830792
837178
299199
831696
837170
338661
8620036
222166
14211
360030
440145
831692
185800
36551
36556
185807
36554
36555
817506
185809
812082
817502
816299
831479
284207
1466421
340419
76510
811956
12932816
12932817
12932810
12932811
12932812
839663
346157
30983
12932818
12932819
823335
30982
1466422
99152
34950
34951
34952
34953
34954
34956
839667
833203
822437
269582
18432
1466423
33451
3638248
18439
269589
33458
33459
822434
217194
316273
15404
84934
855088
855089
853875
853874
853873
853872
853871
853870
855080
855081
855082
855083
855084
855085
855086
855087
12931507
171329
12931506
814083
814081
814080
107607
829705
33982
33983
33981
37209
33987
33984
37205
37204
37207
33989
37201
37203
37202
2998
595100
180608
137682
39377
39376
39375
39374
39373
184043
184042
31588
31589
12934418
12934419
59
58
55
31581
31582
12934411
51
31585
31586
52
12934144
68240
9020
2992
375307
67414
144568
2993
10871
67412
12934140
653598
339541
2876750
851054
183775
3783728
3872956
811614
12934143
811611
811610
3783727
9407262
856579
810318
36442
856571
856570
856573
856572
856575
856574
856577
856576
18612
37701
77134
172562
852058
852059
852057
177580
852053
852050
852051
823811
2539262
232934
100353054
100088
12932758
680419
5728459
12932756
366964
838257
838250
12932755
829037
172691
172693
172692
172695
172694
172699
172698
839120
832315
208258
825043
825042
825047
12932751
185022
825044
2542866
215707
75565
181733
818722
374163
813616
832355
830497
818721
308441
12934201
817976
817977
817975
817970
819915
821740
821741
821742
819919
821744
4716
817979
67949
12934200
42008
2872505
42006
42005
42004
42003
42002
42001
42000
821209
6699
177057
855709
855708
855707
855706
855705
855704
855703
6696
855701
855700
201973
734721
4718
811348
832352
282616
853019
2542862
286467
321974
853011
853010
396020
396021
853015
853014
853017
853016
6341
6340
6343
6342
6344
6347
6349
6348
173777
71943
815070
173773
173772
56486
836344
10179
836347
836340
179638
836343
812234
10171
10172
10174
10175
835921
835920
192196
835927
835926
835929
947800
854217
363445
255027
830499
947802
25485
2539198
353174
2542904
2539190
100036849
280657
2539194
2539195
2539196
45250
827351
2655062
2655060
827354
2655065
44129
44127
2655069
854333
854544
854332
854542
854543
854540
854541
854548
854549
2539442
106894
2539440
2539441
2539447
2539444
818340
2539448
3712
281119
818345
818346
108655
2541803
830594
810921
419402
179510
821774
179516
79602
41194
2541629
2541628
2539573
178640
2541624
2541627
72656
2541621
2541620
178647
5460
54849
41197
5465
5464
5467
830424
3565011
5468
178063
837438
812231
175342
3646424
2539574
852404
823975
2539575
246103
36615
36614
36617
79609
36613
36612
252554
360937
79608
36619
164592
829789
280993
242687
254863
852403
852402
41199
3640861
398612
829785
5224
360227
221477
284695
284697
12931054
643836
40336
29911
83718
40332
40331
29915
83714
83716
417553
417554
40339
729727
818837
118788
818830
289231
212753
818839
175966
175967
175964
175962
195814
175142
8288
8289
819122
318868
123263
819125
819124
318867
827999
171044
171046
171041
100009298
100009296
819313
163882
1487325
222584
1497091
827993
827991
12931679
101565
827990
444129
51076
12931673
12931672
12931674
12931677
12931676
7559
110178
228866
7553
7552
7551
7556
7555
7554
19339
19338
838757
835100
835105
835104
19330
842484
19334
2543245
100137649
2541173
318246
2543244
93759
2543247
100137645
13885
64837
64834
840128
64838
64839
79822
57633
513895
79919
2543531
497865
5715297
2542654
46194
119559
158584
158586
840123
500006
43017
43016
43015
312937
43012
834850
843536
2224
843534
2222
3646993
2220
43018
1
5925
5926
5927
5920
5921
830160
5923
191220
5928
5929
830169
100287569
190576
55003
832453
832455
12930242
832459
414149
51070
835337
290823
55007
3641428
12930246
12930804
55005
3565860
235320
235323
11651
11656
11657
17760
17762
17764
17765
444007
228715
187889
60685
60684
64306
64307
60681
64301
64302
64303
668450
2541736
60324
821431
42766
2542101
42764
42761
826833
300147
12933405
20450
45757
380386
218490
380382
828782
12933407
841353
113115
850638
850639
841591
36461
841596
4825
841594
850630
850631
850632
850633
850634
850635
850636
850637
78244
115703
113510
830032
819898
12304
828520
176084
12300
176087
176089
2542735
186373
2540235
2540234
2540237
2540236
2540231
2540230
179256
2540232
3355010
3355013
2540239
2540238
3355016
10233
10232
10231
53420
10237
10236
10235
53424
10239
10238
51337
49855
49854
49856
396422
176558
126567
112464
128674
12931441
176554
66914
187677
827017
827015
827012
50216
92421
187679
827019
12934162
12934160
12934161
12934166
12934167
160140
311670
288080
12934168
12934169
158800
79192
815823
158809
495836
495833
851273
851272
851271
2541547
2541540
851276
851275
851274
728116
851279
728113
830084
12930806
319876
34425
34426
34427
34420
34421
34422
34423
844222
91734
810819
34428
34429
844224
446443
843943
186442
92285
77485
92283
197335
844252
3361548
32862
12933219
55063
32861
32866
55064
32865
55069
55068
181539
286753
189700
189703
175688
12930265
27127
189707
12930266
3361358
12930268
12335
35488
55276
107831
3361541
35486
35480
35483
3361540
74682
23834
93487
12933210
12797983
12797982
34822
12934414
3885964
27107
27106
12933212
27103
181289
27101
40246
181284
34824
181280
27109
12933214
60490
64132
12933216
839343
216565
347918
60493
853653
853652
853651
853650
64137
853659
853658
55684
55687
32285
32282
55680
55683
55689
32288
374986
2542163
2542162
2542161
2542160
2542167
152098
2542165
2542164
2542169
2542168
57683
812261
836100
57680
57687
836107
39959
39958
39957
39956
57689
39954
39953
39951
39950
3644572
90321
32139
32135
32137
32131
32132
32133
816575
816576
57589
397798
12798452
23207
816579
816578
12798455
26276
26277
26275
26272
26273
26270
26271
56086
12934083
56084
56085
56082
26278
176481
100817253
176482
835591
54443
57357
854384
854385
854386
854387
854380
854381
854382
854383
28912
854388
854389
2542787
2542786
79977
12932130
2542783
2542782
2542781
12932134
84027
84026
12932139
12932138
79979
2542789
2542788
2147
2146
2145
34496
4978
2140
4974
4975
4976
209354
12932953
2149
4973
15572
820899
820898
102555453
820893
820892
820891
820890
820896
820895
345630
3276
3275
3273
3270
219103
281120
14051
14050
14057
14056
14055
106052
222643
446493
2540875
55270
70767
70762
688590
33338
855359
12934082
38701
38703
38702
38707
363930
38708
2541885
56199
30573
34858
104118074
172884
34857
34856
172881
172882
40131
855350
40133
850369
40135
40134
40137
40136
83556
83557
30930
83550
85865
30931
295549
18198
14462484
147179
841262
18193
30937
60
72993
30934
397790
816943
316333
819321
819320
819323
819322
855169
855168
855167
855166
12933770
855164
855163
855162
855161
855160
3772530
850364
40689
509
506
40684
40683
40682
40681
40680
239796
812449
12798306
812444
812447
6521
6520
6523
6522
6525
6524
6526
6529
6528
90586
100805630
30399
12932879
5740362
3885842
31629
31628
233545
107733
31625
31624
31626
31621
31620
31622
838193
72333
72330
838194
170622
441150
170626
815147
170625
177937
177932
3939
833990
12932877
3938
298103
833996
3783684
818379
208158
35818
35819
825947
35812
33656
35810
35811
35816
35817
12934205
12934204
835478
500242
398895
835470
398890
835475
398892
2539222
3704112
831369
2539221
2539226
2539227
2539224
2539225
813792
813793
831361
831360
813796
269700
245903
4152
4153
4150
4151
12931837
4157
4154
4155
811862
315170
4158
4159
69535
811864
12930611
12933419
374393
64849
2867789
12798300
3637275
374395
813421
313121
12933418
172716
172711
852249
852248
852247
852246
852245
852244
172718
852242
852241
852240
825366
825365
825362
284486
43569
825361
43567
43566
43565
283459
43562
825368
43560
19645
72554
19647
19646
74895
54812
5502
394382
323765
832128
397548
30303
545847
832121
13418
832123
832124
832125
832127
396492
2540872
12931121
100616191
17191
140258
20612
20613
20610
824704
824703
20617
20614
824700
100503043
20619
12934415
824709
828676
101867
828673
828672
828671
39426
81932
124460
145173
81931
822152
828679
828678
852716
820463
288924
820461
820465
820468
407790
6066
6060
42218
42216
42215
42212
42213
42210
42211
2540032
2540031
2540036
2540035
2540034
2540039
689852
10039
10038
510855
10036
3772677
7379
7378
378884
53375
7373
7372
7371
7376
7375
7374
176718
176719
255180
12932931
11920
11921
54532
11923
11924
176715
176716
54537
34356
70405
2540789
2540788
2540784
2540787
59163
59164
2540780
179726
59167
125336
360480
820284
820285
820282
174715
729830
174718
338872
820288
5007842
399448
838002
2655184
2655185
2655186
2539767
2539765
2539764
84342
84343
2539761
181255
2539769
2539768
29896
29895
29894
29893
29890
29899
32764
81616
2541783
2541780
2541781
2541786
2541787
2541784
2655235
2541788
2541789
32732
818200
1025
1024
1027
5347
1021
1020
1022
84006
1029
1028
134548
2875312
67345
728689
779160
54914
11309
5802845
779167
12931458
821124
266819
11079
11072
11073
11070
11076
11077
11074
11075
8673
8672
8671
3772678
8677
8676
8675
8674
8678
15979
12930937
114554
289606
50945
183426
114558
114559
50943
45525
829730
118426
118427
66854
829733
51018
51019
9868
51010
51011
51012
51013
51014
51015
51016
729085
172760
3636074
832950
4999
310324
26949
843779
827601
139212
1270128
319322
820656
43936
820651
12524
243961
8092
8091
8099
11769
113452
192897
241915
26942
12934290
827608
12930615
292788
113457
818116
842568
842564
842563
227446
255967
733282
733281
100419906
259230
259232
12932921
56249
12931008
12931009
10808
10809
196385
108156
10804
56241
10806
56243
10800
10801
10802
12931005
63986
187855
2543549
63982
57113
2543543
57111
2543541
57117
734287
2543544
2543545
835730
16319
835734
835735
835736
150472
12931447
14077
5802927
498234
307511
69675
120534
109801
833459
810226
55526
187585
280658
810221
818112
810229
36862
12932487
305604
852823
1849
1848
1843
1841
1840
1847
1846
1845
1844
837691
43604
43603
440456
837690
192656
167127
192654
192652
12930750
43609
851848
851840
851841
851842
851843
851844
851845
851846
851847
52635
52637
68077
98985
11306
645121
12930841
12930840
12930843
2539016
12930845
12930844
12930847
12930846
12930849
12930848
90768
53323
53325
113675
36927
36926
36924
841141
36921
36920
54673
131583
54677
54676
54675
54674
12932895
840234
840236
147372
43124
55527
834923
23769
232345
143879
12933579
12933574
12933575
12933576
834921
3643630
3643631
12933572
3643633
100037004
100037008
132228
68693
433326
2539018
222255
171177
3637642
2571
380199
447709
57805
57804
495317
57801
12797939
850461
850463
850462
850465
850464
850466
851592
851084
851590
851591
851596
851597
851594
851595
851598
851599
79786
79784
169436
79782
79783
79780
54758
613
610
617
79789
34389
34388
12798238
840509
57211
34381
100763346
34383
798441
34385
34384
368070
26896
54329
29662
26895
29665
29666
26891
29668
29669
73804
219699
375757
41832
100525189
2541998
2541997
2541996
2541995
2541994
78781
2541992
78783
112858
34656
34655
34652
79434
55183
55180
55181
55186
55187
55184
34658
236930
67847
67844
67845
67842
67841
328977
144132
100040001
67849
180052
180053
50002
50003
851332
851333
851330
50007
58486
180059
832827
851338
851339
23116
815304
2539110
23111
23112
23113
23118
23119
151790
175614
20042
5346
5033
2539111
309969
23965
24666
431895
821881
24669
24668
3841
3840
3843
3842
3845
3846
3849
3848
151246
38921
852736
852735
852734
852733
852732
852731
852730
22795
38928
22797
22796
22791
852739
852738
856027
38583
35524
856024
856023
856022
856021
38582
2542080
2542081
2542082
2542083
2542084
2542085
856029
856028
12933822
38580
4439
84320
2539114
2542423
55230
55231
51751
55233
55234
55236
51754
55238
55239
51759
281097
2542333
2542331
2542336
2542337
56765
2542335
2542338
2542339
4549
4548
244349
12933287
4541
4540
4543
4542
4544
4547
12934374
12933829
85235
104156
85236
2768674
2768677
2768670
253260
140729
27314
825310
2746190
282974
839357
2538896
140722
825316
37934
2538895
146760
185571
25229
817219
114791
817217
817215
25227
825319
817211
25223
254359
74343
74342
854771
854770
854773
854772
854775
854774
854777
854776
854778
643904
850851
850852
850853
850854
850855
855828
850857
855826
855827
855824
855825
855822
855820
855821
2543060
51251
2543065
2543064
2543067
2543066
2543069
2543068
84326
33165
33166
33167
33161
33162
2539653
33169
71330
84181
1466448
105203
84186
84187
84188
1466443
1466440
1466441
1466446
84327
1466444
1466445
337963
337960
831942
232533
831947
2541564
831944
180876
180871
180873
820916
820917
820914
84328
180878
820913
854195
33293
854197
854196
854191
854190
854193
854192
226144
33298
33299
854199
854198
342371
434484
12932304
41450
12932306
12930590
41455
41454
41457
41456
41459
41458
12932308
12932309
775
774
777
776
771
813761
773
12932224
779
778
5802757
72
71
70
71599
76199
363241
2540681
837040
837042
837043
690116
837046
837047
837048
47854
47852
219736
734499
153339
40497
843016
40495
843010
814172
40490
843013
856849
33837
33834
33835
33832
18016
33830
33831
856841
856840
856843
856842
856845
856844
856847
856846
815354
12933754
38113
2541561
38116
12933755
12930769
824343
3640416
100131689
12933756
824342
432677
64232
12933750
521
834661
174999
834663
828854
828853
811114
834667
834666
31474
174993
174994
828859
171745
5753
830712
5757
5756
5754
2538768
84243
2538769
823759
15194
100532737
15191
834918
15193
838544
67774
15199
838542
100532731
816013
2538765
691496
39986
379897
825753
825752
185405
828585
828587
828586
830818
23660
2538761
511736
2538762
47141
842764
842767
842761
842760
842763
812635
15223
15220
24316
15228
489509
39243
39242
39241
39240
39246
5740113
39244
35068
42652
16554
188370
2538988
16551
2538984
2538985
2538986
2538987
2538981
2538982
340990
835539
42537
835537
835535
12648
12649
42531
835531
84966
84967
822405
84962
822403
853537
831449
727676
831445
831442
177749
84968
831441
1617
12930864
832623
832622
832620
839630
839633
832624
16882
16880
396519
16886
16885
833970
833972
833975
245965
100216311
9310
831199
3289591
831191
831193
71878
831195
831196
831197
821279
2543453
734321
821272
821274
821276
853532
42392
42391
84561
42397
42396
42394
820581
820580
42399
855458
820584
35063
820586
17687
17686
17685
17684
818267
818265
818264
818269
94196
17688
821182
13595
13593
172100
41848
286839
41846
41847
41844
41845
41842
41843
41840
94090
10476
3637672
231580
495013
558502
2540535
54478
84249
54475
54474
54477
54476
54471
54473
54472
14605
2540531
57282
178024
84248
179022
179020
179027
174567
10478
10488
10489
174566
14602
3707654
320790
10480
178020
10482
10483
10484
10486
174560
890
891
892
837906
894
896
898
176900
3565703
176902
3645825
824934
824935
824936
945672
155807
814697
48535
122402
48531
938945
246610
828006
814695
828000
828001
282991
252827
828008
828009
282996
820633
820636
820635
836406
44637
820639
307997
44632
1788
1789
170641
1780
1781
1783
1785
1786
1787
170643
179686
838863
179684
179683
833026
40826
40825
40824
29466
40822
40821
40820
29468
216161
40828
3885732
163486
178373
178377
2654994
26885
2654995
1466531
283489
2540599
838861
179971
179970
2540597
179974
400926
2540593
178082
178083
178080
178081
178087
178084
174504
2654993
285676
285671
285672
813305
148808
840333
285679
2540345
284106
2540344
12930696
3885737
9851
9852
9853
9854
9855
9856
9857
829847
2540341
829845
829844
829840
844390
56805
291671
34268
312502
130
2540342
162993
172856
89887
89884
89885
89882
115399
1258
1259
816329
245578
2540349
816327
816321
2540348
232906
39143
26429
26427
26426
26424
26423
26422
26420
114299
2541249
2541248
251937
2541242
2541241
184257
2541247
114294
79008
2541244
55432
39148
66857
12933894
55437
55435
32415
32414
32413
12933892
2542530
2542531
2542533
56169
100158304
2542536
2542537
2542538
2542539
56160
56163
17195
834346
114741
36858
12930697
104318
93058
148113
110907
12930568
51228
983
817764
51222
12930560
12930561
51227
51226
51225
51224
677804
12931219
100144435
12798017
560099
12931213
836238
12931211
12931210
12931217
12931945
12931215
12931214
817059
984
31394
817055
25027
832409
817056
25022
25023
817052
31396
29121
560887
35694
75770
303882
817587
174547
817585
817584
817583
64419
501841
843976
64417
64410
64411
817589
100862847
444323
17096
12931949
2543668
2543667
2543666
178534
12934323
2543663
2543662
188872
2543660
283149
835457
12932419
210135
814525
837599
121536
842953
255231
535742
2648
36881
36882
36883
36886
36887
36889
2642
2643
2644
2645
2646
2647
18783
12930506
23129
221927
12798018
12930507
12932412
33399
810588
18780
3639338
12932414
619900
302593
18786
12932546
12932547
12932544
12932545
12932542
12932543
12932540
12932541
18044
831345
33398
12932548
12932549
9076
9077
9074
9075
107686
9073
9070
9071
3641808
113829
113828
9079
24046
4335808
340385
33397
816345
12932898
12932899
443677
12932894
5348
12932897
12932890
12932891
12932892
12932893
20962
20963
20964
20965
20969
131616
812077
4174
327826
4175
814777
814776
814772
12934492
12934493
12934490
12934491
58251
12934497
190110
12934495
839598
71861
12934499
71865
100507436
211770
295922
21461
104886
2540924
2540927
2540926
2540921
2540920
2540923
2540922
30105
19834718
2540929
2540928
100361818
4329
361120
12931456
31279
31276
166647
4323
31275
31272
31273
31270
31271
3140
3141
3142
13057
839592
3146
3148
37820
37823
37822
37825
40656
40657
830990
14561
40650
234267
33392
23201
4622
183261
833573
825513
124590
825515
825517
825516
180790
180795
33391
23099
23098
14775
23091
23090
23093
23092
23095
