404408
404408
404408
404408
404408
404408
404408
404408
404408
404408
404408
404408
404408
404408
404408
404408
404408
404408
404408
404408
404408
404408
404408
404408
404408
404408
404408
404408
404408
404408
404408
404408
404408
404408
404408
404408
404408
404408
404408
404408
404408
404408
404408
404408
404408
404408
404408
404408
404408
404408
404408
404408
404408
404408
404408
404408
404408
404408
404408
404408
404408
404408
404408
404408
404408
404408
404408
404408
404408
404408
404408
404408
404408
404408
404408
404408
404408
404408
404408
404408
404408
404408
404408
404408
404408
404408
404408
404408
404408
404408
404408
404408
404408
404408
404408
404408
404408
404408
404408
404408
404408
404408
404408
404408
404408
404408
404408
404408
404408
404408
404408
404408
404408
404408
404408
404408
404408
404408
404408
404408
404408
10377
10377
10377
10377
10377
10377
10377
10377
10377
10377
10377
10377
10377
10377
10377
10377
10377
10377
10377
10377
10377
10377
10377
10377
10377
10377
10377
10377
10377
10377
10377
10377
10377
10377
10377
10377
10377
10377
10377
10377
10377
10377
10377
10377
11259
11259
11259
11259
11259
11259
11259
11259
11259
11259
11259
11259
11259
11259
11259
11259
11259
11259
11259
11259
11259
11259
11259
11259
11259
11259
11259
11259
11259
11259
11259
11259
11259
11259
11259
11259
11259
11259
11259
11259
11259
11108
11108
11108
11108
11108
11108
11108
11108
11108
11108
11108
11108
11108
11108
333760
333760
333760
333760
333760
333760
333760
333760
333760
333760
333760
333760
333760
333760
28285
28285
28285
28285
28285
28285
28285
28285
28285
28285
28285
28285
28285
11676
11676
11676
11676
11676
11676
11676
11676
11676
11676
11676
11676
10298
10298
10298
10298
10298
10298
10298
10298
10298
10298
10298
10254
10254
10254
10254
10254
10254
10254
10254
10254
10254
10254
10376
10376
10376
10376
10376
10376
10376
10376
10376
10376
10376
10299
10299
10299
10299
10299
10299
10299
329852
329852
329852
329852
329852
329852
329852
11706
11706
11706
11706
11706
11706
31531
31531
31531
31531
31531
31531
337052
337052
337052
337052
337052
337052
10515
10515
10515
10515
10515
10527
10527
10527
10527
10389
10389
10389
10389
928302
928302
928302
928302
211044
211044
211044
211044
928296
928296
928296
10323
10323
10323
79889
79889
79889
356411
356411
356411
121791
121791
121791
11622
11622
11622
10407
10407
10407
420174
420174
420174
11234
11234
11234
28282
28282
28282
12118
12118
12118
333761
333761
333761
132487
132487
11707
11707
11103
11103
11105
11105
82830
82830
11082
11082
11691
11691
587200
587200
10258
10258
506350
506350
333284
333284
10315
10315
11198
11113
11116
11709
10304
11678
11104
11908
11685
11686
10370
490133
37114
435895
10310
10313
421879
11065
392809
31525
381517
11484
46930
11077
31634
11060
11045
11044
36408