33708
33708
33708
33708
33708
33708
33708
33708
33708
33708
33708
33708
33708
33708
33708
33708
33708
33708
33708
33708
33708
33708
33708
33708
33708
33708
33708
33708
33708
33708
33708
33708
33708
33708
33708
33708
33708
33708
33708
33708
33708
33708
33708
33708
33708
33708
33708
33708
33708
33708
33708
33708
33708
33708
33708
33708
33708
33708
33708
33708
33708
33708
33708
33708
33708
33708
33708
33708
33708
33708
33708
33708
33708
33708
33708
33708
33708
33708
33708
33708
33708
33708
33708
33708
33708
33708
33708
33708
33708
33708
33708
33708
33708
33708
33708
33708
33708
33708
33708
33708
33708
33708
33708
33708
33708
33708
33708
33708
33708
33708
33708
33708
33708
33708
33708
33708
33708
33708
33708
33708
33708
33708
33708
33708
33708
33708
33708
33708
33708
33708
33708
33708
33708
33708
33708
33708
33708
33708
33708
33708
33708
33708
33708
33708
33708
33708
33708
33708
33708
33708
33708
33708
33708
33708
33708
33708
33708
33708
33708
33708
33708
33708
33708
33708
33708
33708
33708
33708
33708
33708
33708
33708
33708
33708
33708
33708
33708
33708
33708
33708
33708
33708
33708
33708
33708
33708
33708
33708
33708
33708
33708
33708
33708
33708
33708
33708
33708
33708
33708
33708
33708
33708
33708
33708
33708
33708
33708
33708
33708
33708
33708
33708
33708
33708
33708
33708
33708
33708
33708
33708
33708
33708
33708
33708
33708
33708
33708
33708
33708
33708
33708
33708
33708
33708
33708
33708
33708
33708
33708
33708
33708
33708
33708
33708
33708
33708
33708
33708
33708
33708
33708
33708
33708
33708
33708
33708
33708
33708
33708
33708
33708
33708
33708
33708
33708
33708
33708
33708
33708
33708
33708
33708
33708
33708
33708
33708
33708
11097
11097
11097
11097
11097
11097
11097
11097
11097
11097
11097
11097
11097
11097
11097
11097
11097
11097
11097
11097
11097
11097
11097
11097
11097
11097
11097
11097
11097
11097
11097
11097
11097
11097
11097
11097
11097
11097
11097
11097
11097
11097
11097
11097
11097
11097
11097
11097
11097
11097
11097
11097
11097
11097
11097
11097
11097
11097
11097
11097
11097
11097
11097
11097
11097
11097
11097
11097
11097
11097
11097
11097
11097
11097
11097
11097
11097
11097
11097
11097
11097
11097
11097
11097
11097
11097
11097
11097
11097
11097
11097
11097
11097
1891767
1891767
1891767
1891767
1891767
1891767
1891767
1891767
1891767
1891767
1891767
1891767
1891767
1891767
1891767
1891767
1891767
1891767
1891767
1891767
1891767
1891767
1891767
1891767
1891767
1891767
1891767
1891767
1891767
1891767
1891767
1891767
1891767
1891767
1891767
1891767
1891767
1891767
1891767
1891767
1891767
1891767
1891767
1891767
1891767
1891767
1891767
1891767
1891767
1891767
1891767
1891767
1891767
1891767
1891767
1891767
1891767
1891767
1891767
1891767
1891767
1891767
1891767
1891767
1891767
1891767
1891767
1891767
1891767
1891767
1891767
1891767
1891767
1891767
1891767
1891767
28344
28344
28344
28344
28344
28344
28344
28344
28344
28344
28344
28344
28344
28344
28344
28344
28344
28344
28344
28344
28344
28344
28344
28344
28344
28344
28344
28344
28344
28344
28344
28344
28344
28344
28344
28344
28344
28344
28344
28344
28344
28344
28344
28344
28344
28344
28344
28344
28344
28344
28344
28344
28344
28344
28344
28344
28344
10390
10390
10390
10390
10390
10390
10390
10390
10390
10390
10390
10390
10390
10390
11723
11723
11723
11723
11723
11723
11723
11723
11723
11723
11723
11723
11723
10366
10366
10366
10366
10366
10366
10366
10366
10366
10366
10326
10326
10326
10326
10326
10326
10326
12643
12643
12643
12643
12643
12643
12643
11208
11208
11208
11208
11208
11208
648235
648235
648235
648235
648235
10345
10345
10345
10345
10345
10329
10329
10329
10329
11801
11801
11801
11801
928306
928306
928306
928306
1891730
1891730
1891730
1891730
10636
10636
10636
10636
11096
11096
11096
82831
82831
82831
31518
31518
31518
73475
73475
73475
10243
10243
10243
11232
11232
11628
11628
36409
36409
11759
11759
31604
31604
10530
10324
31520
11098
265874
10367
358769
10560
10684
11142
11100
450149